                                         SIMULATION RESULTS

Cloudlet|Status |DC|Host|Host PEs |VM|VM PEs   |CloudletLen|CloudletPEs|StartTime|FinishTime|ExecTime
      ID|       |ID|  ID|CPU cores|ID|CPU cores|         MI|  CPU cores|  Seconds|   Seconds| Seconds
-----------------------------------------------------------------------------------------------------
       0|SUCCESS| 2|   0|        0| 0|        2|      20014|          2|     0,10|      0,50|    0,40
       3|SUCCESS| 2|   3|        0| 3|        2|      20014|          2|     0,35|      0,83|    0,48
       6|SUCCESS| 2|   0|        0| 0|        2|      19057|          2|     0,60|      1,05|    0,45
       9|SUCCESS| 2|   3|        0| 3|        2|      19268|          2|     0,85|      1,27|    0,42
      12|SUCCESS| 2|   0|        0| 0|        2|      20699|          2|     1,10|      1,61|    0,51
      15|SUCCESS| 2|   3|        0| 3|        2|      19622|          2|     1,35|      1,83|    0,48
      18|SUCCESS| 2|   0|        0| 0|        2|      19541|          2|     1,60|      2,05|    0,45
       1|SUCCESS| 2|   1|        4| 1|        2|      47520|          2|     0,10|      2,05|    1,95
       4|SUCCESS| 2|   0|        0| 4|        2|      47520|          2|     0,35|      2,16|    1,81
      21|SUCCESS| 2|   3|        0| 3|        2|      20696|          2|     1,85|      2,37|    0,52
      24|SUCCESS| 2|   0|        0| 0|        2|      20355|          2|     2,10|      2,59|    0,49
      27|SUCCESS| 2|   3|        0| 3|        2|      19572|          2|     2,35|      2,81|    0,46
      30|SUCCESS| 2|   0|        0| 0|        2|      19219|          2|     2,60|      3,03|    0,43
      33|SUCCESS| 2|   3|        0| 3|        2|      21233|          2|     2,85|      3,38|    0,53
      36|SUCCESS| 2|   0|        0| 0|        2|      19532|          2|     3,10|      3,60|    0,50
      39|SUCCESS| 2|   3|        0| 3|        2|      20597|          2|     3,35|      3,82|    0,47
      42|SUCCESS| 2|   0|        0| 0|        2|      19133|          2|     3,60|      4,04|    0,44
      45|SUCCESS| 2|   3|        0| 3|        2|      20054|          2|     3,85|      4,36|    0,51
      48|SUCCESS| 2|   0|        0| 0|        2|      18747|          2|     4,10|      4,58|    0,48
      51|SUCCESS| 2|   3|        0| 3|        2|      19123|          2|     4,35|      4,80|    0,45
       7|SUCCESS| 2|   1|        4| 1|        2|      50439|          2|     0,60|      5,02|    4,42
      54|SUCCESS| 2|   0|        0| 0|        2|      21308|          2|     4,60|      5,13|    0,53
      57|SUCCESS| 2|   3|        0| 3|        2|      18821|          2|     4,85|      5,24|    0,39
      10|SUCCESS| 2|   0|        0| 4|        2|      51444|          2|     0,85|      5,46|    4,61
      60|SUCCESS| 2|   0|        0| 0|        2|      20310|          2|     5,10|      5,57|    0,47
      63|SUCCESS| 2|   3|        0| 3|        2|      21369|          2|     5,35|      5,79|    0,44
      66|SUCCESS| 2|   0|        0| 0|        2|      19361|          2|     5,60|      6,01|    0,41
      69|SUCCESS| 2|   3|        0| 3|        2|      20924|          2|     5,85|      6,34|    0,49
      72|SUCCESS| 2|   0|        0| 0|        2|      20749|          2|     6,10|      6,56|    0,46
      75|SUCCESS| 2|   3|        0| 3|        2|      19602|          2|     6,35|      6,78|    0,43
      78|SUCCESS| 2|   0|        0| 0|        2|      19655|          2|     6,60|      7,10|    0,50
      81|SUCCESS| 2|   3|        0| 3|        2|      18398|          2|     6,85|      7,32|    0,47
      84|SUCCESS| 2|   0|        0| 0|        2|      20695|          2|     7,10|      7,54|    0,44
      16|SUCCESS| 2|   0|        0| 4|        2|      49695|          2|     1,35|      7,65|    6,30
      87|SUCCESS| 2|   3|        0| 3|        2|      19110|          2|     7,35|      7,75|    0,40
      90|SUCCESS| 2|   0|        0| 0|        2|      19887|          2|     7,60|      8,11|    0,51
      93|SUCCESS| 2|   3|        0| 3|        2|      19893|          2|     7,85|      8,33|    0,48
      96|SUCCESS| 2|   0|        0| 0|        2|      21374|          2|     8,10|      8,55|    0,45
      99|SUCCESS| 2|   3|        0| 3|        2|      19681|          2|     8,35|      8,77|    0,42
     102|SUCCESS| 2|   0|        0| 0|        2|      20010|          2|     8,60|      9,11|    0,51
     105|SUCCESS| 2|   3|        0| 3|        2|      21817|          2|     8,85|      9,33|    0,48
     108|SUCCESS| 2|   0|        0| 0|        2|      21516|          2|     9,10|      9,55|    0,45
      22|SUCCESS| 2|   0|        0| 4|        2|      48975|          2|     1,85|      9,76|    7,91
     111|SUCCESS| 2|   3|        0| 3|        2|      20170|          2|     9,35|      9,76|    0,41
     114|SUCCESS| 2|   0|        0| 0|        2|      21606|          2|     9,60|     10,14|    0,54
      19|SUCCESS| 2|   1|        4| 1|        2|      50272|          2|     1,60|     10,25|    8,65
      13|SUCCESS| 2|   1|        4| 1|        2|      58600|          2|     1,10|     10,36|    9,26
     117|SUCCESS| 2|   3|        0| 3|        2|      19885|          2|     9,85|     10,36|    0,51
     120|SUCCESS| 2|   0|        0| 0|        2|      20898|          2|    10,10|     10,58|    0,48
     123|SUCCESS| 2|   3|        0| 3|        2|      19615|          2|    10,35|     10,80|    0,45
     126|SUCCESS| 2|   0|        0| 0|        2|      20966|          2|    10,60|     11,13|    0,53
     129|SUCCESS| 2|   3|        0| 3|        2|      21441|          2|    10,85|     11,35|    0,50
     132|SUCCESS| 2|   0|        0| 0|        2|      20473|          2|    11,10|     11,57|    0,47
     135|SUCCESS| 2|   3|        0| 3|        2|      20161|          2|    11,35|     11,79|    0,44
     138|SUCCESS| 2|   0|        0| 0|        2|      20049|          2|    11,60|     12,11|    0,51
      25|SUCCESS| 2|   1|        4| 1|        2|      49764|          2|     2,10|     12,33|   10,23
     141|SUCCESS| 2|   3|        0| 3|        2|      20609|          2|    11,85|     12,33|    0,48
     144|SUCCESS| 2|   0|        0| 0|        2|      18666|          2|    12,10|     12,55|    0,45
      31|SUCCESS| 2|   1|        4| 1|        2|      43915|          2|     2,60|     12,55|    9,95
     147|SUCCESS| 2|   3|        0| 3|        2|      18069|          2|    12,35|     12,77|    0,42
     150|SUCCESS| 2|   0|        0| 0|        2|      19806|          2|    12,60|     13,10|    0,50
     153|SUCCESS| 2|   3|        0| 3|        2|      21222|          2|    12,85|     13,32|    0,47
     156|SUCCESS| 2|   0|        0| 0|        2|      18885|          2|    13,10|     13,54|    0,44
     159|SUCCESS| 2|   3|        0| 3|        2|      20881|          2|    13,35|     13,88|    0,53
     162|SUCCESS| 2|   0|        0| 0|        2|      19172|          2|    13,60|     14,09|    0,49
     165|SUCCESS| 2|   3|        0| 3|        2|      20308|          2|    13,85|     14,31|    0,46
     168|SUCCESS| 2|   0|        0| 0|        2|      19886|          2|    14,10|     14,53|    0,43
     171|SUCCESS| 2|   3|        0| 3|        2|      20837|          2|    14,35|     14,88|    0,53
     174|SUCCESS| 2|   0|        0| 0|        2|      19887|          2|    14,60|     15,10|    0,50
     177|SUCCESS| 2|   3|        0| 3|        2|      19623|          2|    14,85|     15,32|    0,47
     180|SUCCESS| 2|   0|        0| 0|        2|      19789|          2|    15,10|     15,54|    0,44
     183|SUCCESS| 2|   3|        0| 3|        2|      19171|          2|    15,35|     15,76|    0,41
      28|SUCCESS| 2|   0|        0| 4|        2|      56923|          2|     2,35|     15,87|   13,52
     186|SUCCESS| 2|   0|        0| 0|        2|      19212|          2|    15,60|     16,09|    0,49
     189|SUCCESS| 2|   3|        0| 3|        2|      20175|          2|    15,85|     16,31|    0,46
     192|SUCCESS| 2|   0|        0| 0|        2|      19898|          2|    16,10|     16,53|    0,43
     195|SUCCESS| 2|   3|        0| 3|        2|      19848|          2|    16,35|     16,86|    0,51
     198|SUCCESS| 2|   0|        0| 0|        2|      19550|          2|    16,60|     17,08|    0,48
     201|SUCCESS| 2|   3|        0| 3|        2|      19875|          2|    16,85|     17,30|    0,45
      40|SUCCESS| 2|   0|        0| 4|        2|      48788|          2|     3,35|     17,41|   14,06
     204|SUCCESS| 2|   0|        0| 0|        2|      20220|          2|    17,10|     17,52|    0,42
     207|SUCCESS| 2|   3|        0| 3|        2|      20967|          2|    17,35|     17,88|    0,53
     210|SUCCESS| 2|   0|        0| 0|        2|      20913|          2|    17,60|     18,10|    0,50
     213|SUCCESS| 2|   3|        0| 3|        2|      20790|          2|    17,85|     18,32|    0,47
     216|SUCCESS| 2|   0|        0| 0|        2|      19847|          2|    18,10|     18,54|    0,44
     219|SUCCESS| 2|   3|        0| 3|        2|      20319|          2|    18,35|     18,87|    0,52
     222|SUCCESS| 2|   0|        0| 0|        2|      20037|          2|    18,60|     19,09|    0,49
     225|SUCCESS| 2|   3|        0| 3|        2|      20872|          2|    18,85|     19,31|    0,46
     228|SUCCESS| 2|   0|        0| 0|        2|      21472|          2|    19,10|     19,64|    0,54
      55|SUCCESS| 2|   1|        4| 1|        2|      42289|          2|     4,60|     19,85|   15,25
     231|SUCCESS| 2|   3|        0| 3|        2|      19721|          2|    19,35|     19,85|    0,50
     234|SUCCESS| 2|   0|        0| 0|        2|      19889|          2|    19,60|     20,07|    0,47
      34|SUCCESS| 2|   0|        0| 4|        2|      58124|          2|     2,85|     20,29|   17,44
     240|SUCCESS| 2|   0|        0| 0|        2|      19648|          2|    20,35|     20,85|    0,50
     246|SUCCESS| 2|   0|        0| 0|        2|      19202|          2|    21,10|     21,59|    0,49
      61|SUCCESS| 2|   1|        4| 1|        2|      42197|          2|     5,10|     21,70|   16,60
     237|SUCCESS| 2|   3|        0| 3|        2|      59206|          2|    19,85|     21,70|    1,85
      52|SUCCESS| 2|   0|        0| 4|        2|      48236|          2|     4,35|     22,03|   17,68
     252|SUCCESS| 2|   0|        0| 0|        2|      19697|          2|    21,85|     22,25|    0,40
      37|SUCCESS| 2|   1|        4| 1|        2|      57498|          2|     3,10|     22,93|   19,83
     258|SUCCESS| 2|   0|        0| 0|        2|      20151|          2|    22,60|     23,04|    0,44
     243|SUCCESS| 2|   3|        0| 3|        2|      51432|          2|    20,60|     23,37|    2,77
     264|SUCCESS| 2|   0|        0| 0|        2|      21273|          2|    23,35|     23,89|    0,54
      43|SUCCESS| 2|   1|        4| 1|        2|      54864|          2|     3,60|     24,00|   20,40
     270|SUCCESS| 2|   0|        0| 0|        2|      20637|          2|    24,10|     24,57|    0,47
      46|SUCCESS| 2|   0|        0| 4|        2|      55324|          2|     3,85|     24,57|   20,72
     249|SUCCESS| 2|   3|        0| 3|        2|      52182|          2|    21,35|     24,90|    3,55
      58|SUCCESS| 2|   0|        0| 4|        2|      49551|          2|     4,85|     25,22|   20,37
     276|SUCCESS| 2|   0|        0| 0|        2|      19417|          2|    24,85|     25,33|    0,48
      67|SUCCESS| 2|   1|        4| 1|        2|      44774|          2|     5,60|     25,55|   19,95
      49|SUCCESS| 2|   1|        4| 1|        2|      54039|          2|     4,10|     25,99|   21,89
     282|SUCCESS| 2|   0|        0| 0|        2|      20881|          2|    25,60|     26,10|    0,50
     255|SUCCESS| 2|   3|        0| 3|        2|      51559|          2|    22,10|     26,54|    4,44
     288|SUCCESS| 2|   0|        0| 0|        2|      19143|          2|    26,35|     26,76|    0,41
     294|SUCCESS| 2|   0|        0| 0|        2|      19223|          2|    27,10|     27,59|    0,49
      64|SUCCESS| 2|   0|        0| 4|        2|      50318|          2|     5,35|     27,92|   22,57
     261|SUCCESS| 2|   3|        0| 3|        2|      52281|          2|    22,85|     28,25|    5,40
     300|SUCCESS| 2|   0|        0| 0|        2|      20352|          2|    27,85|     28,36|    0,51
     306|SUCCESS| 2|   0|        0| 0|        2|      21498|          2|    28,60|     29,05|    0,45
      82|SUCCESS| 2|   0|        0| 4|        2|      44938|          2|     6,85|     29,53|   22,68
      79|SUCCESS| 2|   1|        4| 1|        2|      45395|          2|     6,60|     29,64|   23,04
     312|SUCCESS| 2|   0|        0| 0|        2|      20302|          2|    29,35|     29,86|    0,51
     267|SUCCESS| 2|   3|        0| 3|        2|      55907|          2|    23,60|     30,32|    6,72
      70|SUCCESS| 2|   0|        0| 4|        2|      50751|          2|     5,85|     30,43|   24,58
     318|SUCCESS| 2|   0|        0| 0|        2|      19972|          2|    30,10|     30,54|    0,44
      73|SUCCESS| 2|   1|        4| 1|        2|      49465|          2|     6,10|     31,07|   24,97
     324|SUCCESS| 2|   0|        0| 0|        2|      18904|          2|    30,85|     31,29|    0,44
     273|SUCCESS| 2|   3|        0| 3|        2|      51629|          2|    24,35|     31,29|    6,94
     100|SUCCESS| 2|   0|        0| 4|        2|      41303|          2|     8,35|     31,40|   23,05
     279|SUCCESS| 2|   3|        0| 3|        2|      47516|          2|    25,10|     32,02|    6,92
     330|SUCCESS| 2|   0|        0| 0|        2|      21757|          2|    31,60|     32,13|    0,53
     336|SUCCESS| 2|   0|        0| 0|        2|      19562|          2|    32,35|     32,85|    0,50
     342|SUCCESS| 2|   0|        0| 0|        2|      18794|          2|    33,10|     33,53|    0,43
      94|SUCCESS| 2|   0|        0| 4|        2|      45764|          2|     7,85|     33,64|   25,79
      17|SUCCESS| 2|   1|        4| 5|        2|      82528|          2|     1,35|     33,97|   32,62
     348|SUCCESS| 2|   0|        0| 0|        2|      19170|          2|    33,85|     34,30|    0,45
     285|SUCCESS| 2|   3|        0| 3|        2|      54279|          2|    25,85|     35,02|    9,17
     354|SUCCESS| 2|   0|        0| 0|        2|      21635|          2|    34,60|     35,13|    0,53
      76|SUCCESS| 2|   0|        0| 4|        2|      53785|          2|     6,35|     35,13|   28,78
      85|SUCCESS| 2|   1|        4| 1|        2|      49764|          2|     7,10|     35,13|   28,03
       5|SUCCESS| 2|   1|        4| 5|        2|     120063|          2|     0,35|     35,35|   35,00
     103|SUCCESS| 2|   1|        4| 1|        2|      45022|          2|     8,60|     35,68|   27,08
     360|SUCCESS| 2|   0|        0| 0|        2|      19253|          2|    35,35|     35,79|    0,44
     291|SUCCESS| 2|   3|        0| 3|        2|      51983|          2|    26,60|     36,01|    9,41
     250|SUCCESS| 2|   0|        0| 4|        2|      18247|          2|    21,60|     36,12|   14,52
     366|SUCCESS| 2|   0|        0| 0|        2|      19460|          2|    36,10|     36,60|    0,50
     106|SUCCESS| 2|   0|        0| 4|        2|      45632|          2|     8,85|     36,71|   27,86
     238|SUCCESS| 2|   0|        0| 4|        2|      21377|          2|    20,10|     36,93|   16,83
     124|SUCCESS| 2|   0|        0| 4|        2|      41399|          2|    10,35|     37,15|   26,80
     372|SUCCESS| 2|   0|        0| 0|        2|      19363|          2|    36,85|     37,26|    0,41
       2|SUCCESS| 2|   2|        0| 2|        2|     120063|          2|     0,10|     37,48|   37,38
     297|SUCCESS| 2|   3|        0| 3|        2|      51823|          2|    27,35|     37,48|   10,13
      88|SUCCESS| 2|   0|        0| 4|        2|      52574|          2|     7,35|     37,81|   30,46
     256|SUCCESS| 2|   0|        0| 4|        2|      19300|          2|    22,35|     38,03|   15,68
     303|SUCCESS| 2|   3|        0| 3|        2|      49904|          2|    28,10|     38,36|   10,26
     244|SUCCESS| 2|   0|        0| 4|        2|      22106|          2|    20,85|     38,47|   17,62
     262|SUCCESS| 2|   0|        0| 4|        2|      18897|          2|    23,10|     38,58|   15,48
     378|SUCCESS| 2|   0|        0| 0|        2|      20142|          2|    38,35|     38,80|    0,45
     309|SUCCESS| 2|   3|        0| 3|        2|      46338|          2|    28,85|     38,80|    9,95
     112|SUCCESS| 2|   0|        0| 4|        2|      46693|          2|     9,35|     39,02|   29,67
     268|SUCCESS| 2|   0|        0| 4|        2|      19364|          2|    23,85|     39,74|   15,89
      97|SUCCESS| 2|   1|        4| 1|        2|      51013|          2|     8,10|     39,74|   31,64
     384|SUCCESS| 2|   0|        0| 0|        2|      18917|          2|    39,85|     40,34|    0,49
     236|SUCCESS| 2|   2|        0| 2|        2|      19812|          2|    19,85|     40,56|   20,71
     315|SUCCESS| 2|   3|        0| 3|        2|      52763|          2|    29,60|     41,47|   11,87
     130|SUCCESS| 2|   0|        0| 4|        2|      45405|          2|    10,85|     41,58|   30,73
     390|SUCCESS| 2|   0|        0| 0|        2|      19852|          2|    41,35|     41,80|    0,45
     274|SUCCESS| 2|   0|        0| 4|        2|      21027|          2|    24,60|     41,80|   17,20
     280|SUCCESS| 2|   0|        0| 4|        2|      20243|          2|    25,35|     41,91|   16,56
     286|SUCCESS| 2|   0|        0| 4|        2|      19336|          2|    26,10|     42,02|   15,92
     242|SUCCESS| 2|   2|        0| 2|        2|      20225|          2|    20,60|     42,24|   21,64
     375|SUCCESS| 2|   3|        0| 3|        2|      18522|          2|    37,60|     42,24|    4,64
     121|SUCCESS| 2|   1|        4| 1|        2|      47890|          2|    10,10|     42,57|   32,47
     248|SUCCESS| 2|   2|        0| 2|        2|      19702|          2|    21,35|     42,79|   21,44
     292|SUCCESS| 2|   0|        0| 4|        2|      19883|          2|    26,85|     43,12|   16,27
     321|SUCCESS| 2|   3|        0| 3|        2|      55800|          2|    30,35|     43,23|   12,88
     396|SUCCESS| 2|   0|        0| 0|        2|      20018|          2|    42,85|     43,34|    0,49
     115|SUCCESS| 2|   1|        4| 1|        2|      50088|          2|     9,60|     43,34|   33,74
     160|SUCCESS| 2|   0|        0| 4|        2|      42039|          2|    13,35|     43,56|   30,21
      91|SUCCESS| 2|   1|        4| 1|        2|      56699|          2|     7,60|     43,56|   35,96
     254|SUCCESS| 2|   2|        0| 2|        2|      19545|          2|    22,10|     43,67|   21,57
     172|SUCCESS| 2|   0|        0| 4|        2|      40124|          2|    14,35|     43,78|   29,43
     298|SUCCESS| 2|   0|        0| 4|        2|      20027|          2|    27,60|     43,89|   16,29
     118|SUCCESS| 2|   0|        0| 4|        2|      51964|          2|     9,85|     44,10|   34,25
     345|SUCCESS| 2|   3|        0| 3|        2|      44775|          2|    33,35|     44,32|   10,97
     381|SUCCESS| 2|   3|        0| 3|        2|      21298|          2|    39,10|     44,32|    5,22
     304|SUCCESS| 2|   0|        0| 4|        2|      20003|          2|    28,35|     44,43|   16,08
     333|SUCCESS| 2|   3|        0| 3|        2|      52924|          2|    31,85|     44,43|   12,58
     260|SUCCESS| 2|   2|        0| 2|        2|      19343|          2|    22,85|     44,54|   21,69
     402|SUCCESS| 2|   0|        0| 0|        2|      18519|          2|    44,35|     44,76|    0,41
     387|SUCCESS| 2|   3|        0| 3|        2|      17828|          2|    40,60|     44,87|    4,27
     351|SUCCESS| 2|   3|        0| 3|        2|      45208|          2|    34,10|     44,98|   10,88
     310|SUCCESS| 2|   0|        0| 4|        2|      20634|          2|    29,10|     45,45|   16,35
     339|SUCCESS| 2|   3|        0| 3|        2|      54753|          2|    32,60|     45,45|   12,85
     327|SUCCESS| 2|   3|        0| 3|        2|      65824|          2|    31,10|     45,88|   14,78
     328|SUCCESS| 2|   0|        0| 4|        2|      18731|          2|    31,35|     45,99|   14,64
     393|SUCCESS| 2|   3|        0| 3|        2|      20372|          2|    42,10|     46,10|    4,00
     145|SUCCESS| 2|   1|        4| 1|        2|      46328|          2|    12,10|     46,21|   34,11
     357|SUCCESS| 2|   3|        0| 3|        2|      50837|          2|    34,85|     46,21|   11,36
     408|SUCCESS| 2|   0|        0| 0|        2|      21839|          2|    45,85|     46,32|    0,47
     136|SUCCESS| 2|   0|        0| 4|        2|      51320|          2|    11,35|     46,43|   35,08
     322|SUCCESS| 2|   0|        0| 4|        2|      20352|          2|    30,60|     46,43|   15,83
     184|SUCCESS| 2|   0|        0| 4|        2|      42709|          2|    15,35|     46,54|   31,19
     316|SUCCESS| 2|   0|        0| 4|        2|      21459|          2|    29,85|     46,54|   16,69
     399|SUCCESS| 2|   3|        0| 3|        2|      19665|          2|    43,60|     46,54|    2,94
     334|SUCCESS| 2|   0|        0| 4|        2|      19115|          2|    32,10|     46,76|   14,66
     363|SUCCESS| 2|   3|        0| 3|        2|      54338|          2|    35,60|     46,76|   11,16
     369|SUCCESS| 2|   3|        0| 3|        2|      54338|          2|    36,35|     46,98|   10,63
     405|SUCCESS| 2|   3|        0| 3|        2|      21145|          2|    45,10|     47,09|    1,99
     133|SUCCESS| 2|   1|        4| 1|        2|      50038|          2|    11,10|     47,31|   36,21
     266|SUCCESS| 2|   2|        0| 2|        2|      20735|          2|    23,60|     47,31|   23,71
     148|SUCCESS| 2|   0|        0| 4|        2|      50711|          2|    12,35|     47,42|   35,07
     411|SUCCESS| 2|   3|        0| 3|        2|      21511|          2|    46,60|     47,42|    0,82
     166|SUCCESS| 2|   0|        0| 4|        2|      47608|          2|    13,85|     47,53|   33,68
     109|SUCCESS| 2|   1|        4| 1|        2|      56054|          2|     9,10|     47,64|   38,54
     414|SUCCESS| 2|   0|        0| 0|        2|      19848|          2|    47,35|     47,86|    0,51
     340|SUCCESS| 2|   0|        0| 4|        2|      20479|          2|    32,85|     47,86|   15,01
     346|SUCCESS| 2|   0|        0| 4|        2|      19802|          2|    33,60|     47,97|   14,37
     163|SUCCESS| 2|   1|        4| 1|        2|      44717|          2|    13,60|     48,08|   34,48
     154|SUCCESS| 2|   0|        0| 4|        2|      51516|          2|    12,85|     48,41|   35,56
     352|SUCCESS| 2|   0|        0| 4|        2|      20041|          2|    34,35|     48,41|   14,06
     178|SUCCESS| 2|   0|        0| 4|        2|      47652|          2|    14,85|     48,52|   33,67
     214|SUCCESS| 2|   0|        0| 4|        2|      42293|          2|    17,85|     48,52|   30,67
     417|SUCCESS| 2|   3|        0| 3|        2|      19296|          2|    48,10|     48,52|    0,42
     278|SUCCESS| 2|   2|        0| 2|        2|      20107|          2|    25,10|     48,63|   23,53
     190|SUCCESS| 2|   0|        0| 4|        2|      46711|          2|    15,85|     48,85|   33,00
     358|SUCCESS| 2|   0|        0| 4|        2|      20229|          2|    35,10|     48,85|   13,75
     272|SUCCESS| 2|   2|        0| 2|        2|      21137|          2|    24,35|     48,85|   24,50
     420|SUCCESS| 2|   0|        0| 0|        2|      20661|          2|    48,85|     49,37|    0,52
     364|SUCCESS| 2|   0|        0| 4|        2|      21620|          2|    35,85|     49,59|   13,74
     370|SUCCESS| 2|   0|        0| 4|        2|      20692|          2|    36,60|     49,59|   12,99
     181|SUCCESS| 2|   1|        4| 1|        2|      43321|          2|    15,10|     49,81|   34,71
     284|SUCCESS| 2|   2|        0| 2|        2|      20257|          2|    25,85|     49,81|   23,96
     376|SUCCESS| 2|   0|        0| 4|        2|      20257|          2|    37,85|     49,92|   12,07
     127|SUCCESS| 2|   1|        4| 1|        2|      54240|          2|    10,60|     49,92|   39,32
     302|SUCCESS| 2|   2|        0| 2|        2|      18119|          2|    28,10|     49,92|   21,82
     139|SUCCESS| 2|   1|        4| 1|        2|      51696|          2|    11,60|     50,03|   38,43
     423|SUCCESS| 2|   3|        0| 3|        2|      18541|          2|    49,60|     50,03|    0,43
     196|SUCCESS| 2|   0|        0| 4|        2|      49689|          2|    16,35|     50,14|   33,79
     226|SUCCESS| 2|   0|        0| 4|        2|      45642|          2|    18,85|     50,25|   31,40
     382|SUCCESS| 2|   0|        0| 4|        2|      19325|          2|    39,35|     50,25|   10,90
     187|SUCCESS| 2|   1|        4| 1|        2|      42877|          2|    15,60|     50,36|   34,76
     290|SUCCESS| 2|   2|        0| 2|        2|      19987|          2|    26,60|     50,36|   23,76
     426|SUCCESS| 2|   0|        0| 0|        2|      19485|          2|    50,35|     50,82|    0,47
     232|SUCCESS| 2|   0|        0| 4|        2|      47282|          2|    19,35|     50,82|   31,47
     142|SUCCESS| 2|   0|        0| 4|        2|      62430|          2|    11,85|     50,93|   39,08
     388|SUCCESS| 2|   0|        0| 4|        2|      20391|          2|    40,85|     50,93|   10,08
     220|SUCCESS| 2|   0|        0| 4|        2|      49836|          2|    18,35|     51,04|   32,69
     296|SUCCESS| 2|   2|        0| 2|        2|      19735|          2|    27,35|     51,04|   23,69
     394|SUCCESS| 2|   0|        0| 4|        2|      20634|          2|    42,35|     51,37|    9,02
     400|SUCCESS| 2|   0|        0| 4|        2|      18687|          2|    43,85|     51,37|    7,52
     169|SUCCESS| 2|   1|        4| 1|        2|      47265|          2|    14,10|     51,48|   37,38
     429|SUCCESS| 2|   3|        0| 3|        2|      18291|          2|    51,10|     51,48|    0,38
     202|SUCCESS| 2|   0|        0| 4|        2|      58564|          2|    16,85|     51,99|   35,14
     208|SUCCESS| 2|   0|        0| 4|        2|      58686|          2|    17,35|     52,10|   34,75
     406|SUCCESS| 2|   0|        0| 4|        2|      21141|          2|    45,35|     52,10|    6,75
     412|SUCCESS| 2|   0|        0| 4|        2|      19627|          2|    46,85|     52,21|    5,36
     432|SUCCESS| 2|   0|        0| 0|        2|      19875|          2|    51,85|     52,32|    0,47
     418|SUCCESS| 2|   0|        0| 4|        2|      19600|          2|    48,35|     52,32|    3,97
     424|SUCCESS| 2|   0|        0| 4|        2|      20585|          2|    49,85|     52,54|    2,69
     314|SUCCESS| 2|   2|        0| 2|        2|      18869|          2|    29,60|     52,54|   22,94
     430|SUCCESS| 2|   0|        0| 4|        2|      19216|          2|    51,35|     52,65|    1,30
     157|SUCCESS| 2|   1|        4| 1|        2|      51433|          2|    13,10|     53,11|   40,01
     435|SUCCESS| 2|   3|        0| 3|        2|      20883|          2|    52,60|     53,11|    0,51
     308|SUCCESS| 2|   2|        0| 2|        2|      20121|          2|    28,85|     53,22|   24,37
     436|SUCCESS| 2|   0|        0| 4|        2|      18894|          2|    52,85|     53,33|    0,48
     438|SUCCESS| 2|   0|        0| 0|        2|      19305|          2|    53,35|     53,85|    0,50
     151|SUCCESS| 2|   1|        4| 1|        2|      53950|          2|    12,60|     54,18|   41,58
     441|SUCCESS| 2|   3|        0| 3|        2|      20799|          2|    54,10|     54,63|    0,53
     442|SUCCESS| 2|   0|        0| 4|        2|      20669|          2|    54,35|     54,85|    0,50
     444|SUCCESS| 2|   0|        0| 0|        2|      19158|          2|    54,85|     55,30|    0,45
     199|SUCCESS| 2|   1|        4| 1|        2|      46769|          2|    16,60|     55,41|   38,81
     373|SUCCESS| 2|   1|        4| 1|        2|      19759|          2|    37,10|     55,52|   18,42
     193|SUCCESS| 2|   1|        4| 1|        2|      48185|          2|    16,10|     55,85|   39,75
     320|SUCCESS| 2|   2|        0| 2|        2|      21071|          2|    30,35|     55,96|   25,61
     332|SUCCESS| 2|   2|        0| 2|        2|      19680|          2|    31,85|     55,96|   24,11
     447|SUCCESS| 2|   3|        0| 3|        2|      21484|          2|    55,60|     56,07|    0,47
     448|SUCCESS| 2|   0|        0| 4|        2|      20519|          2|    55,85|     56,29|    0,44
     211|SUCCESS| 2|   1|        4| 1|        2|      46108|          2|    17,60|     56,29|   38,69
     379|SUCCESS| 2|   1|        4| 1|        2|      19497|          2|    38,60|     56,62|   18,02
     450|SUCCESS| 2|   0|        0| 0|        2|      19969|          2|    56,35|     56,84|    0,49
     277|SUCCESS| 2|   1|        4| 1|        2|      36204|          2|    24,85|     56,95|   32,10
     326|SUCCESS| 2|   2|        0| 2|        2|      21226|          2|    31,10|     56,95|   25,85
     350|SUCCESS| 2|   2|        0| 2|        2|      18808|          2|    34,10|     57,28|   23,18
     205|SUCCESS| 2|   1|        4| 1|        2|      48436|          2|    17,10|     57,50|   40,40
      14|SUCCESS| 2|   2|        0| 2|        2|     101899|          2|     1,10|     57,61|   56,51
     453|SUCCESS| 2|   3|        0| 3|        2|      19917|          2|    57,10|     57,61|    0,51
     454|SUCCESS| 2|   0|        0| 4|        2|      19590|          2|    57,35|     57,83|    0,48
     385|SUCCESS| 2|   1|        4| 1|        2|      19629|          2|    40,10|     57,94|   17,84
      11|SUCCESS| 2|   1|        4| 5|        2|     112650|          2|     0,85|     57,94|   57,09
     344|SUCCESS| 2|   2|        0| 2|        2|      20171|          2|    33,35|     58,05|   24,70
     456|SUCCESS| 2|   0|        0| 0|        2|      19544|          2|    57,85|     58,27|    0,42
     235|SUCCESS| 2|   1|        4| 1|        2|      46259|          2|    19,60|     58,92|   39,32
     391|SUCCESS| 2|   1|        4| 1|        2|      19278|          2|    41,60|     58,92|   17,32
     338|SUCCESS| 2|   2|        0| 2|        2|      21631|          2|    32,60|     58,92|   26,32
     459|SUCCESS| 2|   3|        0| 3|        2|      19763|          2|    58,60|     59,03|    0,43
     175|SUCCESS| 2|   1|        4| 1|        2|      55430|          2|    14,60|     59,14|   44,54
     460|SUCCESS| 2|   0|        0| 4|        2|      19274|          2|    58,85|     59,25|    0,40
     362|SUCCESS| 2|   2|        0| 2|        2|      19533|          2|    35,60|     59,47|   23,87
      50|SUCCESS| 2|   2|        0| 2|        2|      74014|          2|     4,10|     59,69|   55,59
     462|SUCCESS| 2|   0|        0| 0|        2|      21600|          2|    59,35|     59,80|    0,45
     356|SUCCESS| 2|   2|        0| 2|        2|      20442|          2|    34,85|     59,80|   24,95
     465|SUCCESS| 2|   3|        0| 3|        2|      20352|          2|    60,10|     60,62|    0,52
     229|SUCCESS| 2|   1|        4| 1|        2|      49593|          2|    19,10|     60,73|   41,63
     466|SUCCESS| 2|   0|        0| 4|        2|      19360|          2|    60,35|     60,84|    0,49
     397|SUCCESS| 2|   1|        4| 1|        2|      20692|          2|    43,10|     60,95|   17,85
     468|SUCCESS| 2|   0|        0| 0|        2|      18591|          2|    60,85|     61,28|    0,43
     368|SUCCESS| 2|   2|        0| 2|        2|      20638|          2|    36,35|     61,28|   24,93
     403|SUCCESS| 2|   1|        4| 1|        2|      19612|          2|    44,60|     61,39|   16,79
     217|SUCCESS| 2|   1|        4| 1|        2|      52629|          2|    18,10|     61,72|   43,62
       8|SUCCESS| 2|   2|        0| 2|        2|     117727|          2|     0,60|     61,72|   61,12
     380|SUCCESS| 2|   2|        0| 2|        2|      19157|          2|    38,85|     61,83|   22,98
     374|SUCCESS| 2|   2|        0| 2|        2|      20467|          2|    37,35|     61,94|   24,59
     259|SUCCESS| 2|   1|        4| 1|        2|      46317|          2|    22,60|     62,05|   39,45
     471|SUCCESS| 2|   3|        0| 3|        2|      20819|          2|    61,60|     62,05|    0,45
     472|SUCCESS| 2|   0|        0| 4|        2|      21840|          2|    61,85|     62,38|    0,53
     223|SUCCESS| 2|   1|        4| 1|        2|      52761|          2|    18,60|     62,38|   43,78
     409|SUCCESS| 2|   1|        4| 1|        2|      19563|          2|    46,10|     62,38|   16,28
      32|SUCCESS| 2|   2|        0| 2|        2|      87397|          2|     2,60|     62,49|   59,89
     474|SUCCESS| 2|   0|        0| 0|        2|      18884|          2|    62,35|     62,84|    0,49
     386|SUCCESS| 2|   2|        0| 2|        2|      19385|          2|    40,35|     63,23|   22,88
     247|SUCCESS| 2|   1|        4| 1|        2|      50579|          2|    21,10|     63,34|   42,24
     415|SUCCESS| 2|   1|        4| 1|        2|      20011|          2|    47,60|     63,56|   15,96
     477|SUCCESS| 2|   3|        0| 3|        2|      19426|          2|    63,10|     63,56|    0,46
     478|SUCCESS| 2|   0|        0| 4|        2|      20003|          2|    63,35|     63,78|    0,43
     283|SUCCESS| 2|   1|        4| 1|        2|      45494|          2|    25,60|     64,00|   38,40
     480|SUCCESS| 2|   0|        0| 0|        2|      19152|          2|    63,85|     64,33|    0,48
     398|SUCCESS| 2|   2|        0| 2|        2|      18586|          2|    43,35|     64,79|   21,44
     421|SUCCESS| 2|   1|        4| 1|        2|      20926|          2|    49,10|     65,00|   15,90
     483|SUCCESS| 2|   3|        0| 3|        2|      20236|          2|    64,60|     65,11|    0,51
     484|SUCCESS| 2|   0|        0| 4|        2|      22274|          2|    64,85|     65,33|    0,48
     253|SUCCESS| 2|   1|        4| 1|        2|      53110|          2|    21,85|     65,44|   43,59
     427|SUCCESS| 2|   1|        4| 1|        2|      20314|          2|    50,60|     65,66|   15,06
     289|SUCCESS| 2|   1|        4| 1|        2|      47498|          2|    26,35|     65,77|   39,42
     486|SUCCESS| 2|   0|        0| 0|        2|      20825|          2|    65,35|     65,88|    0,53
     392|SUCCESS| 2|   2|        0| 2|        2|      20855|          2|    41,85|     65,88|   24,03
     301|SUCCESS| 2|   1|        4| 1|        2|      46033|          2|    27,85|     65,99|   38,14
     265|SUCCESS| 2|   1|        4| 1|        2|      52536|          2|    23,35|     66,21|   42,86
     433|SUCCESS| 2|   1|        4| 1|        2|      20120|          2|    52,10|     66,43|   14,33
     489|SUCCESS| 2|   3|        0| 3|        2|      20169|          2|    66,10|     66,54|    0,44
     383|SUCCESS| 2|   1|        4| 5|        2|      19203|          2|    39,60|     66,65|   27,05
      20|SUCCESS| 2|   2|        0| 2|        2|     102743|          2|     1,60|     66,65|   65,05
     490|SUCCESS| 2|   0|        0| 4|        2|      19102|          2|    66,35|     66,76|    0,41
     377|SUCCESS| 2|   1|        4| 5|        2|      20469|          2|    38,10|     66,76|   28,66
     439|SUCCESS| 2|   1|        4| 1|        2|      19528|          2|    53,60|     66,98|   13,38
     492|SUCCESS| 2|   0|        0| 0|        2|      19134|          2|    66,85|     67,31|    0,46
     445|SUCCESS| 2|   1|        4| 1|        2|      18898|          2|    55,10|     67,42|   12,32
     241|SUCCESS| 2|   1|        4| 1|        2|      59800|          2|    20,35|     67,64|   47,29
     295|SUCCESS| 2|   1|        4| 1|        2|      50899|          2|    27,10|     67,86|   40,76
     404|SUCCESS| 2|   2|        0| 2|        2|      20566|          2|    44,85|     67,97|   23,12
     495|SUCCESS| 2|   3|        0| 3|        2|      19864|          2|    67,60|     68,08|    0,48
     496|SUCCESS| 2|   0|        0| 4|        2|      19886|          2|    67,85|     68,30|    0,45
     313|SUCCESS| 2|   1|        4| 1|        2|      49573|          2|    29,35|     68,41|   39,06
     331|SUCCESS| 2|   1|        4| 1|        2|      46734|          2|    31,60|     68,41|   36,81
     498|SUCCESS| 2|   0|        0| 0|        2|      18461|          2|    68,35|     68,83|    0,48
     457|SUCCESS| 2|   1|        4| 1|        2|      18912|          2|    58,10|     68,94|   10,84
     416|SUCCESS| 2|   2|        0| 2|        2|      19214|          2|    47,85|     68,94|   21,09
     451|SUCCESS| 2|   1|        4| 1|        2|      21259|          2|    56,60|     69,05|   12,45
     410|SUCCESS| 2|   2|        0| 2|        2|      20789|          2|    46,35|     69,37|   23,02
      35|SUCCESS| 2|   1|        4| 5|        2|      89122|          2|     2,85|     69,48|   66,63
     501|SUCCESS| 2|   3|        0| 3|        2|      19744|          2|    69,10|     69,59|    0,49
     502|SUCCESS| 2|   0|        0| 4|        2|      22372|          2|    69,35|     69,81|    0,46
     307|SUCCESS| 2|   1|        4| 1|        2|      54593|          2|    28,60|     69,92|   41,32
     389|SUCCESS| 2|   1|        4| 5|        2|      20125|          2|    41,10|     69,92|   28,82
     319|SUCCESS| 2|   1|        4| 1|        2|      52982|          2|    30,10|     70,03|   39,93
      41|SUCCESS| 2|   1|        4| 5|        2|      85517|          2|     3,35|     70,14|   66,79
     401|SUCCESS| 2|   1|        4| 5|        2|      17880|          2|    44,10|     70,14|   26,04
     463|SUCCESS| 2|   1|        4| 1|        2|      20812|          2|    59,60|     70,25|   10,65
     271|SUCCESS| 2|   1|        4| 1|        2|      61992|          2|    24,10|     70,36|   46,26
     469|SUCCESS| 2|   1|        4| 1|        2|      19939|          2|    61,10|     70,58|    9,48
     337|SUCCESS| 2|   1|        4| 1|        2|      53466|          2|    32,35|     70,80|   38,45
     343|SUCCESS| 2|   1|        4| 1|        2|      52358|          2|    33,10|     70,80|   37,70
     475|SUCCESS| 2|   1|        4| 1|        2|      19242|          2|    62,60|     70,91|    8,31
     422|SUCCESS| 2|   2|        0| 2|        2|      20027|          2|    49,35|     70,91|   21,56
     325|SUCCESS| 2|   1|        4| 1|        2|      56678|          2|    30,85|     71,13|   40,28
     395|SUCCESS| 2|   1|        4| 5|        2|      19681|          2|    42,60|     71,13|   28,53
     349|SUCCESS| 2|   1|        4| 1|        2|      53821|          2|    33,85|     71,24|   37,39
     355|SUCCESS| 2|   1|        4| 1|        2|      54657|          2|    34,60|     71,46|   36,86
     481|SUCCESS| 2|   1|        4| 1|        2|      19963|          2|    64,10|     71,46|    7,36
     361|SUCCESS| 2|   1|        4| 1|        2|      54338|          2|    35,35|     71,57|   36,22
     367|SUCCESS| 2|   1|        4| 1|        2|      54338|          2|    36,10|     71,57|   35,47
     487|SUCCESS| 2|   1|        4| 1|        2|      21085|          2|    65,60|     71,79|    6,19
     493|SUCCESS| 2|   1|        4| 1|        2|      21539|          2|    67,10|     71,90|    4,80
     428|SUCCESS| 2|   2|        0| 2|        2|      19890|          2|    50,85|     71,90|   21,05
     499|SUCCESS| 2|   1|        4| 1|        2|      20066|          2|    68,60|     72,01|    3,41
     275|SUCCESS| 2|   1|        4| 5|        2|      37457|          2|    24,60|     73,50|   48,90
     434|SUCCESS| 2|   2|        0| 2|        2|      20376|          2|    52,35|     73,50|   21,15
     245|SUCCESS| 2|   1|        4| 5|        2|      42042|          2|    20,85|     73,94|   53,09
     407|SUCCESS| 2|   1|        4| 5|        2|      19620|          2|    45,60|     74,38|   28,78
     440|SUCCESS| 2|   2|        0| 2|        2|      20761|          2|    53,85|     74,90|   21,05
     446|SUCCESS| 2|   2|        0| 2|        2|      19646|          2|    55,35|     75,01|   19,66
     452|SUCCESS| 2|   2|        0| 2|        2|      18443|          2|    56,85|     75,12|   18,27
     413|SUCCESS| 2|   1|        4| 5|        2|      19389|          2|    47,10|     75,71|   28,61
     263|SUCCESS| 2|   1|        4| 5|        2|      41216|          2|    23,10|     76,48|   53,38
     419|SUCCESS| 2|   1|        4| 5|        2|      21371|          2|    48,60|     79,98|   31,38
      23|SUCCESS| 2|   1|        4| 5|        2|     107439|          2|     1,85|     80,09|   78,24
     431|SUCCESS| 2|   1|        4| 5|        2|      19319|          2|    51,60|     80,20|   28,60
     425|SUCCESS| 2|   1|        4| 5|        2|      20952|          2|    50,10|     80,87|   30,77
     257|SUCCESS| 2|   1|        4| 5|        2|      46382|          2|    22,35|     82,31|   59,96
     251|SUCCESS| 2|   1|        4| 5|        2|      47390|          2|    21,60|     82,53|   60,93
     443|SUCCESS| 2|   1|        4| 5|        2|      20382|          2|    54,60|     84,22|   29,62
     449|SUCCESS| 2|   1|        4| 5|        2|      19572|          2|    56,10|     84,55|   28,45
     437|SUCCESS| 2|   1|        4| 5|        2|      21782|          2|    53,10|     84,66|   31,56
     455|SUCCESS| 2|   1|        4| 5|        2|      18794|          2|    57,60|     84,88|   27,28
     239|SUCCESS| 2|   1|        4| 5|        2|      53009|          2|    20,10|     87,10|   67,00
     467|SUCCESS| 2|   1|        4| 5|        2|      19662|          2|    60,60|     88,21|   27,61
      29|SUCCESS| 2|   1|        4| 5|        2|     108096|          2|     2,35|     88,32|   85,97
     281|SUCCESS| 2|   1|        4| 5|        2|      48429|          2|    25,35|     88,87|   63,52
     461|SUCCESS| 2|   1|        4| 5|        2|      21583|          2|    59,10|     89,33|   30,23
     473|SUCCESS| 2|   1|        4| 5|        2|      20569|          2|    62,10|     90,33|   28,23
     479|SUCCESS| 2|   1|        4| 5|        2|      19886|          2|    63,60|     90,66|   27,06
     485|SUCCESS| 2|   1|        4| 5|        2|      19953|          2|    65,10|     91,71|   26,61
     293|SUCCESS| 2|   1|        4| 5|        2|      49626|          2|    26,85|     91,82|   64,97
     305|SUCCESS| 2|   1|        4| 5|        2|      48474|          2|    28,35|     92,15|   63,80
     491|SUCCESS| 2|   1|        4| 5|        2|      19939|          2|    66,60|     92,66|   26,06
     497|SUCCESS| 2|   1|        4| 5|        2|      19653|          2|    68,10|     93,32|   25,22
     347|SUCCESS| 2|   1|        4| 5|        2|      44881|          2|    33,60|     93,43|   59,83
     503|SUCCESS| 2|   1|        4| 5|        2|      19089|          2|    69,60|     93,76|   24,16
     287|SUCCESS| 2|   1|        4| 5|        2|      52502|          2|    26,10|     93,87|   67,77
     317|SUCCESS| 2|   1|        4| 5|        2|      50604|          2|    29,85|     95,42|   65,57
     341|SUCCESS| 2|   1|        4| 5|        2|      47969|          2|    32,85|     95,53|   62,68
     299|SUCCESS| 2|   1|        4| 5|        2|      53386|          2|    27,60|     95,97|   68,37
     269|SUCCESS| 2|   1|        4| 5|        2|      57521|          2|    23,85|     96,08|   72,23
     101|SUCCESS| 2|   1|        4| 5|        2|      85242|          2|     8,35|     97,15|   88,80
     335|SUCCESS| 2|   1|        4| 5|        2|      51262|          2|    32,10|     97,64|   65,54
     323|SUCCESS| 2|   1|        4| 5|        2|      52897|          2|    30,60|     97,86|   67,26
      53|SUCCESS| 2|   1|        4| 5|        2|     103914|          2|     4,35|     98,81|   94,46
      59|SUCCESS| 2|   1|        4| 5|        2|     101669|          2|     4,85|     99,14|   94,29
      77|SUCCESS| 2|   1|        4| 5|        2|      95494|          2|     6,35|     99,69|   93,34
     311|SUCCESS| 2|   1|        4| 5|        2|      57127|          2|    29,10|     99,91|   70,81
     329|SUCCESS| 2|   1|        4| 5|        2|      56429|          2|    31,35|    100,89|   69,54
     167|SUCCESS| 2|   1|        4| 5|        2|      78034|          2|    13,85|    101,00|   87,15
      65|SUCCESS| 2|   1|        4| 5|        2|     102605|          2|     5,35|    101,44|   96,09
     359|SUCCESS| 2|   1|        4| 5|        2|      54338|          2|    35,10|    101,55|   66,45
      95|SUCCESS| 2|   1|        4| 5|        2|      93447|          2|     7,85|    101,77|   93,92
      47|SUCCESS| 2|   1|        4| 5|        2|     111518|          2|     3,85|    101,88|   98,03
     365|SUCCESS| 2|   1|        4| 5|        2|      54338|          2|    35,85|    101,99|   66,14
     119|SUCCESS| 2|   1|        4| 5|        2|      88327|          2|     9,85|    102,10|   92,25
     371|SUCCESS| 2|   1|        4| 5|        2|      54338|          2|    36,60|    102,32|   65,72
     107|SUCCESS| 2|   1|        4| 5|        2|      91962|          2|     8,85|    102,54|   93,69
     125|SUCCESS| 2|   1|        4| 5|        2|      88810|          2|    10,35|    102,87|   92,52
     143|SUCCESS| 2|   1|        4| 5|        2|      86710|          2|    11,85|    103,53|   91,68
     353|SUCCESS| 2|   1|        4| 5|        2|      58930|          2|    34,35|    103,53|   69,18
      71|SUCCESS| 2|   1|        4| 5|        2|     107788|          2|     5,85|    104,89|   99,04
     179|SUCCESS| 2|   1|        4| 5|        2|      84795|          2|    14,85|    105,00|   90,15
     191|SUCCESS| 2|   1|        4| 5|        2|      87511|          2|    15,85|    106,55|   90,70
     131|SUCCESS| 2|   1|        4| 5|        2|     102118|          2|    10,85|    108,33|   97,48
     137|SUCCESS| 2|   1|        4| 5|        2|     100981|          2|    11,35|    108,33|   96,98
     185|SUCCESS| 2|   1|        4| 5|        2|      93858|          2|    15,35|    108,44|   93,09
     161|SUCCESS| 2|   1|        4| 5|        2|      99293|          2|    13,35|    109,00|   95,65
     197|SUCCESS| 2|   1|        4| 5|        2|      97188|          2|    16,35|    109,78|   93,43
      89|SUCCESS| 2|   1|        4| 5|        2|     118136|          2|     7,35|    110,00|  102,65
     209|SUCCESS| 2|   1|        4| 5|        2|      96521|          2|    17,35|    110,00|   92,65
     173|SUCCESS| 2|   1|        4| 5|        2|     101724|          2|    14,35|    110,11|   95,76
     221|SUCCESS| 2|   1|        4| 5|        2|      95867|          2|    18,35|    110,11|   91,76
     227|SUCCESS| 2|   1|        4| 5|        2|      95867|          2|    18,85|    110,22|   91,37
      83|SUCCESS| 2|   1|        4| 5|        2|     121810|          2|     6,85|    110,33|  103,48
     233|SUCCESS| 2|   1|        4| 5|        2|      95867|          2|    19,35|    110,33|   90,98
     155|SUCCESS| 2|   1|        4| 5|        2|     109955|          2|    12,85|    110,75|   97,90
     113|SUCCESS| 2|   1|        4| 5|        2|     119527|          2|     9,35|    110,86|  101,51
     149|SUCCESS| 2|   1|        4| 5|        2|     118825|          2|    12,35|    111,29|   98,94
     203|SUCCESS| 2|   1|        4| 5|        2|     115230|          2|    16,85|    111,51|   94,66
     215|SUCCESS| 2|   1|        4| 5|        2|     121653|          2|    17,85|    111,62|   93,77
-----------------------------------------------------------------------------------------------------
Simulation finished in: 230,15 seconds.
Total tasks executed: 463
Average MI: 37467,78
Average execution latency: 23,33
MI 90th percentile: 64466,40
Average tail execution latency: 82,63
Maximum task execution time violations: 64

Mean Number of Failures per Hour: 100,000 (1 failure expected at each 0,01 hours).
Number of Host faults: 10
Number of VM faults (VMs destroyed): 0
Time the simulations finished: 0,0639 hours
Mean Time To Repair Failures of VMs in minutes (MTTR): 0,00 minute
Mean Time Between Failures (MTBF) affecting all VMs in minutes: 0,00 minutes
Hosts MTBF: 0,00 minutes
Availability: 100,00%


Max faults allowed by SLA 5,00
Faults: 10,00. Out of SLA
FaultCustomSimulation finished!