                                         SIMULATION RESULTS

Cloudlet|Status |DC|Host|Host PEs |VM|VM PEs   |CloudletLen|CloudletPEs|StartTime|FinishTime|ExecTime
      ID|       |ID|  ID|CPU cores|ID|CPU cores|         MI|  CPU cores|  Seconds|   Seconds| Seconds
-----------------------------------------------------------------------------------------------------
       0|SUCCESS| 2|   1|        5| 5|        2|      20014|          2|     0,10|      0,50|    0,40
       3|SUCCESS| 2|   0|        6| 4|        2|      20014|          2|     0,35|      1,09|    0,74
       6|SUCCESS| 2|   1|        5| 5|        2|      19057|          2|     0,60|      1,47|    0,87
       1|SUCCESS| 2|   0|        6| 0|        2|      47520|          2|     0,10|      1,80|    1,70
       9|SUCCESS| 2|   0|        6| 0|        2|      19268|          2|     0,85|      2,02|    1,17
       4|SUCCESS| 2|   1|        5| 1|        2|      47520|          2|     0,35|      2,55|    2,20
      15|SUCCESS| 2|   3|       12| 3|        2|      19622|          2|     1,35|      2,77|    1,42
      12|SUCCESS| 2|   0|        6| 4|        2|      20699|          2|     1,10|      2,98|    1,88
      18|SUCCESS| 2|   0|        6| 4|        2|      19541|          2|     1,60|      3,87|    2,27
      21|SUCCESS| 2|   2|       12| 2|        2|      20696|          2|     1,85|      3,87|    2,02
      24|SUCCESS| 2|   1|        5| 1|        2|      20355|          2|     2,10|      4,20|    2,10
      27|SUCCESS| 2|   3|       12| 3|        2|      19572|          2|     2,35|      4,58|    2,23
      30|SUCCESS| 2|   1|        5| 5|        2|      19219|          2|     2,60|      5,04|    2,44
      10|SUCCESS| 2|   1|        5| 1|        2|      51444|          2|     0,85|      5,26|    4,41
       7|SUCCESS| 2|   0|        6| 4|        2|      50439|          2|     0,60|      5,37|    4,77
      33|SUCCESS| 2|   0|        6| 0|        2|      21233|          2|     2,85|      5,58|    2,73
      36|SUCCESS| 2|   0|        6| 4|        2|      19532|          2|     3,10|      6,05|    2,95
      16|SUCCESS| 2|   2|       12| 2|        2|      49695|          2|     1,35|      6,72|    5,37
      19|SUCCESS| 2|   1|        5| 5|        2|      50272|          2|     1,60|      7,06|    5,46
      45|SUCCESS| 2|   0|        6| 0|        2|      20054|          2|     3,85|      7,17|    3,32
      22|SUCCESS| 2|   0|        6| 0|        2|      48975|          2|     1,85|      7,28|    5,43
      39|SUCCESS| 2|   3|       12| 3|        2|      20597|          2|     3,35|      7,28|    3,93
      42|SUCCESS| 2|   3|       12| 3|        2|      19133|          2|     3,60|      7,50|    3,90
      54|SUCCESS| 2|   1|        5| 1|        2|      21308|          2|     4,60|      8,21|    3,61
      48|SUCCESS| 2|   3|       12| 3|        2|      18747|          2|     4,10|      8,21|    4,11
      51|SUCCESS| 2|   2|       12| 2|        2|      19123|          2|     4,35|      8,32|    3,97
      57|SUCCESS| 2|   3|       12| 3|        2|      18821|          2|     4,85|      9,23|    4,38
      60|SUCCESS| 2|   3|       12| 3|        2|      20310|          2|     5,10|      9,92|    4,82
      25|SUCCESS| 2|   1|        5| 5|        2|      49764|          2|     2,10|     10,27|    8,17
      69|SUCCESS| 2|   0|        6| 0|        2|      20924|          2|     5,85|     10,49|    4,64
      13|SUCCESS| 2|   0|        6| 4|        2|      58600|          2|     1,10|     10,60|    9,50
      66|SUCCESS| 2|   0|        6| 4|        2|      19361|          2|     5,60|     10,82|    5,22
       2|SUCCESS| 2|   3|       12| 3|        2|     120063|          2|     0,10|     10,82|   10,72
      63|SUCCESS| 2|   0|        6| 4|        2|      21369|          2|     5,35|     10,93|    5,58
      72|SUCCESS| 2|   1|        5| 1|        2|      20749|          2|     6,10|     11,15|    5,05
      31|SUCCESS| 2|   0|        6| 4|        2|      43915|          2|     2,60|     11,85|    9,25
      75|SUCCESS| 2|   2|       12| 2|        2|      19602|          2|     6,35|     11,96|    5,61
      28|SUCCESS| 2|   0|        6| 0|        2|      56923|          2|     2,35|     12,07|    9,72
      78|SUCCESS| 2|   2|       12| 2|        2|      19655|          2|     6,60|     12,40|    5,80
      87|SUCCESS| 2|   0|        6| 0|        2|      19110|          2|     7,35|     12,51|    5,16
      81|SUCCESS| 2|   1|        5| 5|        2|      18398|          2|     6,85|     12,86|    6,01
      84|SUCCESS| 2|   1|        5| 1|        2|      20695|          2|     7,10|     13,32|    6,22
       5|SUCCESS| 2|   2|       12| 2|        2|     120063|          2|     0,35|     14,09|   13,74
      90|SUCCESS| 2|   1|        5| 5|        2|      19887|          2|     7,60|     15,15|    7,55
      93|SUCCESS| 2|   0|        6| 4|        2|      19893|          2|     7,85|     15,48|    7,63
     111|SUCCESS| 2|   3|       12| 3|        2|      20170|          2|     9,35|     15,48|    6,13
     102|SUCCESS| 2|   2|       12| 2|        2|      20010|          2|     8,60|     15,70|    7,10
      40|SUCCESS| 2|   2|       12| 2|        2|      48788|          2|     3,35|     15,80|   12,45
      96|SUCCESS| 2|   1|        5| 1|        2|      21374|          2|     8,10|     15,91|    7,81
      99|SUCCESS| 2|   0|        6| 4|        2|      19681|          2|     8,35|     16,27|    7,92
      37|SUCCESS| 2|   1|        5| 1|        2|      57498|          2|     3,10|     16,72|   13,62
      17|SUCCESS| 2|   3|       12| 3|        2|      82528|          2|     1,35|     17,80|   16,45
      34|SUCCESS| 2|   2|       12| 2|        2|      58124|          2|     2,85|     17,91|   15,06
      52|SUCCESS| 2|   3|       12| 3|        2|      48236|          2|     4,35|     18,02|   13,67
      55|SUCCESS| 2|   1|        5| 5|        2|      42289|          2|     4,60|     18,71|   14,11
     105|SUCCESS| 2|   1|        5| 5|        2|      21817|          2|     8,85|     18,71|    9,86
      43|SUCCESS| 2|   3|       12| 3|        2|      54864|          2|     3,60|     18,71|   15,11
     117|SUCCESS| 2|   0|        6| 4|        2|      19885|          2|     9,85|     18,82|    8,97
     126|SUCCESS| 2|   0|        6| 0|        2|      20966|          2|    10,60|     19,04|    8,44
     108|SUCCESS| 2|   1|        5| 5|        2|      21516|          2|     9,10|     19,04|    9,94
     114|SUCCESS| 2|   1|        5| 1|        2|      21606|          2|     9,60|     19,79|   10,19
     123|SUCCESS| 2|   1|        5| 1|        2|      19615|          2|    10,35|     20,11|    9,76
     141|SUCCESS| 2|   3|       12| 3|        2|      20609|          2|    11,85|     20,22|    8,37
     120|SUCCESS| 2|   1|        5| 5|        2|      20898|          2|    10,10|     20,44|   10,34
      61|SUCCESS| 2|   1|        5| 5|        2|      42197|          2|     5,10|     20,55|   15,45
     138|SUCCESS| 2|   2|       12| 2|        2|      20049|          2|    11,60|     20,66|    9,06
      46|SUCCESS| 2|   2|       12| 2|        2|      55324|          2|     3,85|     21,19|   17,34
     129|SUCCESS| 2|   0|        6| 4|        2|      21441|          2|    10,85|     21,51|   10,66
     132|SUCCESS| 2|   1|        5| 5|        2|      20473|          2|    11,10|     21,85|   10,75
     135|SUCCESS| 2|   1|        5| 5|        2|      20161|          2|    11,35|     22,07|   10,72
     156|SUCCESS| 2|   0|        6| 0|        2|      18885|          2|    13,10|     22,18|    9,08
     147|SUCCESS| 2|   1|        5| 5|        2|      18069|          2|    12,35|     22,18|    9,83
      67|SUCCESS| 2|   1|        5| 1|        2|      44774|          2|     5,60|     22,29|   16,69
     144|SUCCESS| 2|   1|        5| 1|        2|      18666|          2|    12,10|     22,90|   10,80
     162|SUCCESS| 2|   2|       12| 2|        2|      19172|          2|    13,60|     23,24|    9,64
      49|SUCCESS| 2|   1|        5| 5|        2|      54039|          2|     4,10|     23,59|   19,49
      58|SUCCESS| 2|   0|        6| 4|        2|      49551|          2|     4,85|     24,03|   19,18
      73|SUCCESS| 2|   0|        6| 0|        2|      49465|          2|     6,10|     24,14|   18,04
      64|SUCCESS| 2|   2|       12| 2|        2|      50318|          2|     5,35|     24,25|   18,90
     174|SUCCESS| 2|   3|       12| 3|        2|      19887|          2|    14,60|     24,47|    9,87
     150|SUCCESS| 2|   1|        5| 1|        2|      19806|          2|    12,60|     24,58|   11,98
       8|SUCCESS| 2|   1|        5| 5|        2|     117727|          2|     0,60|     25,13|   24,53
     159|SUCCESS| 2|   0|        6| 4|        2|      20881|          2|    13,35|     25,60|   12,25
     186|SUCCESS| 2|   3|       12| 3|        2|      19212|          2|    15,60|     25,60|   10,00
     177|SUCCESS| 2|   0|        6| 0|        2|      19623|          2|    14,85|     25,71|   10,86
     153|SUCCESS| 2|   1|        5| 1|        2|      21222|          2|    12,85|     26,13|   13,28
      70|SUCCESS| 2|   2|       12| 2|        2|      50751|          2|     5,85|     26,24|   20,39
      11|SUCCESS| 2|   0|        6| 0|        2|     112650|          2|     0,85|     26,46|   25,61
     189|SUCCESS| 2|   3|       12| 3|        2|      20175|          2|    15,85|     26,57|   10,72
     171|SUCCESS| 2|   0|        6| 4|        2|      20837|          2|    14,35|     27,05|   12,70
     165|SUCCESS| 2|   1|        5| 1|        2|      20308|          2|    13,85|     27,15|   13,30
     168|SUCCESS| 2|   1|        5| 1|        2|      19886|          2|    14,10|     27,26|   13,16
     192|SUCCESS| 2|   2|       12| 2|        2|      19898|          2|    16,10|     27,37|   11,27
      79|SUCCESS| 2|   0|        6| 4|        2|      45395|          2|     6,60|     27,96|   21,36
      82|SUCCESS| 2|   0|        6| 4|        2|      44938|          2|     6,85|     28,59|   21,74
      14|SUCCESS| 2|   1|        5| 1|        2|     101899|          2|     1,10|     28,59|   27,49
     183|SUCCESS| 2|   1|        5| 1|        2|      19171|          2|    15,35|     28,59|   13,24
     180|SUCCESS| 2|   1|        5| 1|        2|      19789|          2|    15,10|     28,70|   13,60
     198|SUCCESS| 2|   1|        5| 5|        2|      19550|          2|    16,60|     28,70|   12,10
     207|SUCCESS| 2|   3|       12| 3|        2|      20967|          2|    17,35|     29,31|   11,96
      97|SUCCESS| 2|   3|       12| 3|        2|      51013|          2|     8,10|     29,42|   21,32
     204|SUCCESS| 2|   0|        6| 0|        2|      20220|          2|    17,10|     29,53|   12,43
     100|SUCCESS| 2|   1|        5| 5|        2|      41303|          2|     8,35|     29,86|   21,51
     201|SUCCESS| 2|   0|        6| 4|        2|      19875|          2|    16,85|     29,97|   13,12
     210|SUCCESS| 2|   2|       12| 2|        2|      20913|          2|    17,60|     30,30|   12,70
     219|SUCCESS| 2|   3|       12| 3|        2|      20319|          2|    18,35|     30,30|   11,95
     195|SUCCESS| 2|   1|        5| 1|        2|      19848|          2|    16,35|     30,41|   14,06
     106|SUCCESS| 2|   0|        6| 0|        2|      45632|          2|     8,85|     30,63|   21,78
     216|SUCCESS| 2|   1|        5| 5|        2|      19847|          2|    18,10|     30,74|   12,64
     231|SUCCESS| 2|   3|       12| 3|        2|      19721|          2|    19,35|     31,25|   11,90
     222|SUCCESS| 2|   0|        6| 0|        2|      20037|          2|    18,60|     31,58|   12,98
      85|SUCCESS| 2|   1|        5| 5|        2|      49764|          2|     7,10|     32,31|   25,21
      94|SUCCESS| 2|   0|        6| 4|        2|      45764|          2|     7,85|     32,42|   24,57
     234|SUCCESS| 2|   1|        5| 5|        2|      19889|          2|    19,60|     32,53|   12,93
      76|SUCCESS| 2|   1|        5| 5|        2|      53785|          2|     6,35|     32,64|   26,29
     236|SUCCESS| 2|   1|        5| 5|        2|      19812|          2|    19,85|     32,85|   13,00
     112|SUCCESS| 2|   0|        6| 0|        2|      46693|          2|     9,35|     32,96|   23,61
     213|SUCCESS| 2|   1|        5| 1|        2|      20790|          2|    17,85|     33,18|   15,33
     246|SUCCESS| 2|   3|       12| 3|        2|      19202|          2|    21,10|     33,29|   12,19
     240|SUCCESS| 2|   0|        6| 0|        2|      19648|          2|    20,35|     33,51|   13,16
     225|SUCCESS| 2|   0|        6| 4|        2|      20872|          2|    18,85|     33,62|   14,77
     250|SUCCESS| 2|   2|       12| 2|        2|      18247|          2|    21,60|     33,84|   12,24
     103|SUCCESS| 2|   0|        6| 4|        2|      45022|          2|     8,60|     33,95|   25,35
     238|SUCCESS| 2|   2|       12| 2|        2|      21377|          2|    20,10|     34,17|   14,07
      35|SUCCESS| 2|   0|        6| 0|        2|      89122|          2|     2,85|     34,50|   31,65
      91|SUCCESS| 2|   0|        6| 0|        2|      56699|          2|     7,60|     34,61|   27,01
     228|SUCCESS| 2|   1|        5| 1|        2|      21472|          2|    19,10|     35,33|   16,23
     256|SUCCESS| 2|   1|        5| 5|        2|      19300|          2|    22,35|     35,33|   12,98
     254|SUCCESS| 2|   2|       12| 2|        2|      19545|          2|    22,10|     35,55|   13,45
     262|SUCCESS| 2|   3|       12| 3|        2|      18897|          2|    23,10|     35,66|   12,56
     121|SUCCESS| 2|   0|        6| 0|        2|      47890|          2|    10,10|     35,87|   25,77
     258|SUCCESS| 2|   3|       12| 3|        2|      20151|          2|    22,60|     35,98|   13,38
     115|SUCCESS| 2|   0|        6| 0|        2|      50088|          2|     9,60|     36,19|   26,59
     242|SUCCESS| 2|   1|        5| 1|        2|      20225|          2|    20,60|     36,19|   15,59
     260|SUCCESS| 2|   0|        6| 0|        2|      19343|          2|    22,85|     36,41|   13,56
      88|SUCCESS| 2|   0|        6| 4|        2|      52574|          2|     7,35|     36,41|   29,06
     248|SUCCESS| 2|   1|        5| 1|        2|      19702|          2|    21,35|     36,74|   15,39
     124|SUCCESS| 2|   1|        5| 1|        2|      41399|          2|    10,35|     36,85|   26,50
      32|SUCCESS| 2|   1|        5| 5|        2|      87397|          2|     2,60|     37,18|   34,58
     252|SUCCESS| 2|   1|        5| 1|        2|      19697|          2|    21,85|     37,29|   15,44
     244|SUCCESS| 2|   1|        5| 1|        2|      22106|          2|    20,85|     38,02|   17,17
     276|SUCCESS| 2|   1|        5| 5|        2|      19417|          2|    24,85|     38,50|   13,65
     266|SUCCESS| 2|   2|       12| 2|        2|      20735|          2|    23,60|     38,50|   14,90
     270|SUCCESS| 2|   0|        6| 0|        2|      20637|          2|    24,10|     38,83|   14,73
      50|SUCCESS| 2|   0|        6| 4|        2|      74014|          2|     4,10|     38,83|   34,73
     136|SUCCESS| 2|   3|       12| 3|        2|      51320|          2|    11,35|     39,05|   27,70
     268|SUCCESS| 2|   1|        5| 1|        2|      19364|          2|    23,85|     39,16|   15,31
     274|SUCCESS| 2|   3|       12| 3|        2|      21027|          2|    24,60|     39,16|   14,56
     163|SUCCESS| 2|   3|       12| 3|        2|      44717|          2|    13,60|     39,74|   26,14
     288|SUCCESS| 2|   1|        5| 5|        2|      19143|          2|    26,35|     40,07|   13,72
     278|SUCCESS| 2|   2|       12| 2|        2|      20107|          2|    25,10|     40,07|   14,97
     264|SUCCESS| 2|   1|        5| 1|        2|      21273|          2|    23,35|     40,18|   16,83
     284|SUCCESS| 2|   3|       12| 3|        2|      20257|          2|    25,85|     40,18|   14,33
     172|SUCCESS| 2|   1|        5| 5|        2|      40124|          2|    14,35|     40,29|   25,94
     133|SUCCESS| 2|   2|       12| 2|        2|      50038|          2|    11,10|     40,62|   29,52
     286|SUCCESS| 2|   2|       12| 2|        2|      19336|          2|    26,10|     40,73|   14,63
     272|SUCCESS| 2|   1|        5| 1|        2|      21137|          2|    24,35|     41,07|   16,72
     130|SUCCESS| 2|   1|        5| 1|        2|      45405|          2|    10,85|     41,18|   30,33
      41|SUCCESS| 2|   1|        5| 5|        2|      85517|          2|     3,35|     41,18|   37,83
     292|SUCCESS| 2|   1|        5| 5|        2|      19883|          2|    26,85|     41,18|   14,33
     282|SUCCESS| 2|   2|       12| 2|        2|      20881|          2|    25,60|     41,40|   15,80
     296|SUCCESS| 2|   3|       12| 3|        2|      19735|          2|    27,35|     41,50|   14,15
     280|SUCCESS| 2|   0|        6| 4|        2|      20243|          2|    25,35|     41,61|   16,26
     139|SUCCESS| 2|   0|        6| 0|        2|      51696|          2|    11,60|     42,21|   30,61
     290|SUCCESS| 2|   1|        5| 1|        2|      19987|          2|    26,60|     42,43|   15,83
     302|SUCCESS| 2|   1|        5| 1|        2|      18119|          2|    28,10|     42,43|   14,33
     300|SUCCESS| 2|   3|       12| 3|        2|      20352|          2|    27,85|     42,54|   14,69
     160|SUCCESS| 2|   0|        6| 4|        2|      42039|          2|    13,35|     42,65|   29,30
     169|SUCCESS| 2|   3|       12| 3|        2|      47265|          2|    14,10|     42,65|   28,55
     304|SUCCESS| 2|   1|        5| 5|        2|      20003|          2|    28,35|     42,76|   14,41
     127|SUCCESS| 2|   2|       12| 2|        2|      54240|          2|    10,60|     42,76|   32,16
     294|SUCCESS| 2|   0|        6| 4|        2|      19223|          2|    27,10|     42,98|   15,88
     298|SUCCESS| 2|   2|       12| 2|        2|      20027|          2|    27,60|     43,09|   15,49
      23|SUCCESS| 2|   2|       12| 2|        2|     107439|          2|     1,85|     43,31|   41,46
     181|SUCCESS| 2|   2|       12| 2|        2|      43321|          2|    15,10|     43,53|   28,43
     308|SUCCESS| 2|   0|        6| 0|        2|      20121|          2|    28,85|     43,75|   14,90
     118|SUCCESS| 2|   1|        5| 1|        2|      51964|          2|     9,85|     43,75|   33,90
     312|SUCCESS| 2|   3|       12| 3|        2|      20302|          2|    29,35|     43,97|   14,62
     187|SUCCESS| 2|   2|       12| 2|        2|      42877|          2|    15,60|     44,08|   28,48
     145|SUCCESS| 2|   1|        5| 1|        2|      46328|          2|    12,10|     44,41|   32,31
     324|SUCCESS| 2|   3|       12| 3|        2|      18904|          2|    30,85|     44,52|   13,67
     109|SUCCESS| 2|   1|        5| 1|        2|      56054|          2|     9,10|     44,63|   35,53
      29|SUCCESS| 2|   3|       12| 3|        2|     108096|          2|     2,35|     44,74|   42,39
     328|SUCCESS| 2|   1|        5| 5|        2|      18731|          2|    31,35|     44,85|   13,50
      20|SUCCESS| 2|   0|        6| 4|        2|     102743|          2|     1,60|     45,18|   43,58
     318|SUCCESS| 2|   2|       12| 2|        2|      19972|          2|    30,10|     45,63|   15,53
     314|SUCCESS| 2|   0|        6| 4|        2|      18869|          2|    29,60|     45,74|   16,14
     322|SUCCESS| 2|   0|        6| 0|        2|      20352|          2|    30,60|     45,85|   15,25
     157|SUCCESS| 2|   2|       12| 2|        2|      51433|          2|    13,10|     45,85|   32,75
     178|SUCCESS| 2|   1|        5| 5|        2|      47652|          2|    14,85|     46,19|   31,34
     326|SUCCESS| 2|   1|        5| 5|        2|      21226|          2|    31,10|     46,30|   15,20
     334|SUCCESS| 2|   0|        6| 0|        2|      19115|          2|    32,10|     46,52|   14,42
     310|SUCCESS| 2|   0|        6| 4|        2|      20634|          2|    29,10|     46,74|   17,64
     184|SUCCESS| 2|   1|        5| 1|        2|      42709|          2|    15,35|     46,74|   31,39
     151|SUCCESS| 2|   2|       12| 2|        2|      53950|          2|    12,60|     46,74|   34,14
     306|SUCCESS| 2|   0|        6| 4|        2|      21498|          2|    28,60|     46,85|   18,25
     336|SUCCESS| 2|   0|        6| 0|        2|      19562|          2|    32,35|     47,18|   14,83
     342|SUCCESS| 2|   1|        5| 1|        2|      18794|          2|    33,10|     47,54|   14,44
     348|SUCCESS| 2|   1|        5| 5|        2|      19170|          2|    33,85|     47,54|   13,69
      44|SUCCESS| 2|   1|        5| 1|        2|      94444|          2|     3,60|     47,65|   44,05
     148|SUCCESS| 2|   0|        6| 4|        2|      50711|          2|    12,35|     48,11|   35,76
     338|SUCCESS| 2|   3|       12| 3|        2|      21631|          2|    32,60|     48,11|   15,51
     193|SUCCESS| 2|   1|        5| 5|        2|      48185|          2|    16,10|     48,22|   32,12
     340|SUCCESS| 2|   0|        6| 0|        2|      20479|          2|    32,85|     48,33|   15,48
     316|SUCCESS| 2|   0|        6| 4|        2|      21459|          2|    29,85|     48,33|   18,48
     330|SUCCESS| 2|   1|        5| 1|        2|      21757|          2|    31,60|     48,33|   16,73
      26|SUCCESS| 2|   1|        5| 1|        2|     111716|          2|     2,10|     48,44|   46,34
     199|SUCCESS| 2|   0|        6| 0|        2|      46769|          2|    16,60|     48,55|   31,95
     344|SUCCESS| 2|   0|        6| 0|        2|      20171|          2|    33,35|     48,55|   15,20
     166|SUCCESS| 2|   0|        6| 4|        2|      47608|          2|    13,85|     48,55|   34,70
     320|SUCCESS| 2|   0|        6| 4|        2|      21071|          2|    30,35|     48,55|   18,20
     350|SUCCESS| 2|   2|       12| 2|        2|      18808|          2|    34,10|     48,55|   14,45
     211|SUCCESS| 2|   1|        5| 5|        2|      46108|          2|    17,60|     48,66|   31,06
     346|SUCCESS| 2|   2|       12| 2|        2|      19802|          2|    33,60|     48,88|   15,28
     332|SUCCESS| 2|   0|        6| 4|        2|      19680|          2|    31,85|     48,99|   17,14
     358|SUCCESS| 2|   3|       12| 3|        2|      20229|          2|    35,10|     49,58|   14,48
     154|SUCCESS| 2|   0|        6| 4|        2|      51516|          2|    12,85|     49,80|   36,95
      62|SUCCESS| 2|   3|       12| 3|        2|      92643|          2|     5,10|     49,80|   44,70
     190|SUCCESS| 2|   1|        5| 1|        2|      46711|          2|    15,85|     50,02|   34,17
     277|SUCCESS| 2|   3|       12| 3|        2|      36204|          2|    24,85|     50,02|   25,17
     205|SUCCESS| 2|   2|       12| 2|        2|      48436|          2|    17,10|     50,35|   33,25
     214|SUCCESS| 2|   0|        6| 4|        2|      42293|          2|    17,85|     50,57|   32,72
     368|SUCCESS| 2|   1|        5| 5|        2|      20638|          2|    36,35|     50,79|   14,44
     372|SUCCESS| 2|   1|        5| 1|        2|      19363|          2|    36,85|     50,90|   14,05
     375|SUCCESS| 2|   1|        5| 1|        2|      18522|          2|    37,60|     51,01|   13,41
     354|SUCCESS| 2|   2|       12| 2|        2|      21635|          2|    34,60|     51,01|   16,41
     175|SUCCESS| 2|   2|       12| 2|        2|      55430|          2|    14,60|     51,23|   36,63
     370|SUCCESS| 2|   3|       12| 3|        2|      20692|          2|    36,60|     51,23|   14,63
     352|SUCCESS| 2|   0|        6| 4|        2|      20041|          2|    34,35|     51,67|   17,32
     373|SUCCESS| 2|   2|       12| 2|        2|      19759|          2|    37,10|     51,78|   14,68
     374|SUCCESS| 2|   3|       12| 3|        2|      20467|          2|    37,35|     51,78|   14,43
     360|SUCCESS| 2|   0|        6| 4|        2|      19253|          2|    35,35|     51,99|   16,64
     364|SUCCESS| 2|   0|        6| 0|        2|      21620|          2|    35,85|     52,10|   16,25
      80|SUCCESS| 2|   2|       12| 2|        2|      82383|          2|     6,60|     52,10|   45,50
     380|SUCCESS| 2|   1|        5| 1|        2|      19157|          2|    38,85|     52,32|   13,47
     378|SUCCESS| 2|   3|       12| 3|        2|      20142|          2|    38,35|     52,32|   13,97
     235|SUCCESS| 2|   0|        6| 0|        2|      46259|          2|    19,60|     52,43|   32,83
     356|SUCCESS| 2|   0|        6| 4|        2|      20442|          2|    34,85|     52,43|   17,58
     362|SUCCESS| 2|   0|        6| 4|        2|      19533|          2|    35,60|     52,43|   16,83
     275|SUCCESS| 2|   1|        5| 1|        2|      37457|          2|    24,60|     52,54|   27,94
     382|SUCCESS| 2|   1|        5| 5|        2|      19325|          2|    39,35|     52,54|   13,19
     229|SUCCESS| 2|   1|        5| 5|        2|      49593|          2|    19,10|     52,65|   33,55
     366|SUCCESS| 2|   0|        6| 4|        2|      19460|          2|    36,10|     52,76|   16,66
     263|SUCCESS| 2|   0|        6| 0|        2|      41216|          2|    23,10|     52,98|   29,88
     377|SUCCESS| 2|   2|       12| 2|        2|      20469|          2|    38,10|     52,98|   14,88
     376|SUCCESS| 2|   0|        6| 0|        2|      20257|          2|    37,85|     53,09|   15,24
     383|SUCCESS| 2|   2|       12| 2|        2|      19203|          2|    39,60|     53,31|   13,71
     385|SUCCESS| 2|   3|       12| 3|        2|      19629|          2|    40,10|     53,42|   13,32
     386|SUCCESS| 2|   1|        5| 1|        2|      19385|          2|    40,35|     53,64|   13,29
     196|SUCCESS| 2|   0|        6| 4|        2|      49689|          2|    16,35|     53,86|   37,51
     387|SUCCESS| 2|   0|        6| 0|        2|      17828|          2|    40,60|     53,97|   13,37
     245|SUCCESS| 2|   0|        6| 4|        2|      42042|          2|    20,85|     53,97|   33,12
     101|SUCCESS| 2|   3|       12| 3|        2|      85242|          2|     8,35|     53,97|   45,62
     259|SUCCESS| 2|   1|        5| 5|        2|      46317|          2|    22,60|     54,19|   31,59
     226|SUCCESS| 2|   0|        6| 4|        2|      45642|          2|    18,85|     54,30|   35,45
     388|SUCCESS| 2|   1|        5| 5|        2|      20391|          2|    40,85|     54,52|   13,67
     391|SUCCESS| 2|   3|       12| 3|        2|      19278|          2|    41,60|     54,52|   12,92
      56|SUCCESS| 2|   1|        5| 1|        2|      96441|          2|     4,60|     54,63|   50,03
     202|SUCCESS| 2|   3|       12| 3|        2|      58564|          2|    16,85|     54,63|   37,78
     379|SUCCESS| 2|   0|        6| 4|        2|      19497|          2|    38,60|     54,74|   16,14
     217|SUCCESS| 2|   0|        6| 0|        2|      52629|          2|    18,10|     54,96|   36,86
     381|SUCCESS| 2|   0|        6| 0|        2|      21298|          2|    39,10|     54,96|   15,86
     223|SUCCESS| 2|   2|       12| 2|        2|      52761|          2|    18,60|     54,96|   36,36
     389|SUCCESS| 2|   2|       12| 2|        2|      20125|          2|    41,10|     55,07|   13,97
     384|SUCCESS| 2|   0|        6| 4|        2|      18917|          2|    39,85|     55,18|   15,33
     257|SUCCESS| 2|   2|       12| 2|        2|      46382|          2|    22,35|     55,18|   32,83
     247|SUCCESS| 2|   1|        5| 5|        2|      50579|          2|    21,10|     55,29|   34,19
     251|SUCCESS| 2|   0|        6| 0|        2|      47390|          2|    21,60|     55,51|   33,91
     398|SUCCESS| 2|   1|        5| 1|        2|      18586|          2|    43,35|     55,51|   12,16
     142|SUCCESS| 2|   0|        6| 4|        2|      62430|          2|    11,85|     55,62|   43,77
     392|SUCCESS| 2|   1|        5| 1|        2|      20855|          2|    41,85|     55,73|   13,88
     232|SUCCESS| 2|   0|        6| 4|        2|      47282|          2|    19,35|     55,84|   36,49
     239|SUCCESS| 2|   1|        5| 5|        2|      53009|          2|    20,10|     55,84|   35,74
     395|SUCCESS| 2|   2|       12| 2|        2|      19681|          2|    42,60|     55,84|   13,24
     401|SUCCESS| 2|   2|       12| 2|        2|      17880|          2|    44,10|     55,95|   11,85
      59|SUCCESS| 2|   0|        6| 0|        2|     101669|          2|     4,85|     56,06|   51,21
     394|SUCCESS| 2|   1|        5| 5|        2|      20634|          2|    42,35|     56,06|   13,71
     400|SUCCESS| 2|   1|        5| 5|        2|      18687|          2|    43,85|     56,17|   12,32
     249|SUCCESS| 2|   3|       12| 3|        2|      52182|          2|    21,35|     56,17|   34,82
     220|SUCCESS| 2|   0|        6| 4|        2|      49836|          2|    18,35|     56,28|   37,93
     397|SUCCESS| 2|   3|       12| 3|        2|      20692|          2|    43,10|     56,49|   13,39
     390|SUCCESS| 2|   0|        6| 4|        2|      19852|          2|    41,35|     56,71|   15,36
     393|SUCCESS| 2|   0|        6| 0|        2|      20372|          2|    42,10|     56,82|   14,72
     243|SUCCESS| 2|   0|        6| 0|        2|      51432|          2|    20,60|     57,04|   36,44
     403|SUCCESS| 2|   3|       12| 3|        2|      19612|          2|    44,60|     57,15|   12,55
     279|SUCCESS| 2|   1|        5| 5|        2|      47516|          2|    25,10|     57,37|   32,27
      53|SUCCESS| 2|   2|       12| 2|        2|     103914|          2|     4,35|     57,37|   53,02
     399|SUCCESS| 2|   0|        6| 0|        2|      19665|          2|    43,60|     57,59|   13,99
      47|SUCCESS| 2|   0|        6| 0|        2|     111518|          2|     3,85|     57,70|   53,85
     396|SUCCESS| 2|   0|        6| 4|        2|      20018|          2|    42,85|     57,81|   14,96
     404|SUCCESS| 2|   1|        5| 1|        2|      20566|          2|    44,85|     57,81|   12,96
      77|SUCCESS| 2|   0|        6| 0|        2|      95494|          2|     6,35|     57,92|   51,57
      68|SUCCESS| 2|   0|        6| 4|        2|      88925|          2|     5,60|     57,92|   52,32
     402|SUCCESS| 2|   0|        6| 4|        2|      18519|          2|    44,35|     57,92|   13,57
     407|SUCCESS| 2|   2|       12| 2|        2|      19620|          2|    45,60|     58,03|   12,43
     283|SUCCESS| 2|   0|        6| 0|        2|      45494|          2|    25,60|     58,14|   32,54
     265|SUCCESS| 2|   3|       12| 3|        2|      52536|          2|    23,35|     58,36|   35,01
     409|SUCCESS| 2|   3|       12| 3|        2|      19563|          2|    46,10|     58,36|   12,26
      74|SUCCESS| 2|   1|        5| 1|        2|      92076|          2|     6,10|     58,47|   52,37
     208|SUCCESS| 2|   1|        5| 1|        2|      58686|          2|    17,35|     58,69|   41,34
     255|SUCCESS| 2|   1|        5| 1|        2|      51559|          2|    22,10|     58,80|   36,70
     406|SUCCESS| 2|   1|        5| 5|        2|      21141|          2|    45,35|     58,80|   13,45
     413|SUCCESS| 2|   2|       12| 2|        2|      19389|          2|    47,10|     59,02|   11,92
     410|SUCCESS| 2|   1|        5| 1|        2|      20789|          2|    46,35|     59,13|   12,78
     412|SUCCESS| 2|   1|        5| 5|        2|      19627|          2|    46,85|     59,13|   12,28
     289|SUCCESS| 2|   2|       12| 2|        2|      47498|          2|    26,35|     59,24|   32,89
     405|SUCCESS| 2|   0|        6| 0|        2|      21145|          2|    45,10|     59,46|   14,36
     281|SUCCESS| 2|   1|        5| 1|        2|      48429|          2|    25,35|     59,46|   34,11
     416|SUCCESS| 2|   1|        5| 1|        2|      19214|          2|    47,85|     59,46|   11,61
     301|SUCCESS| 2|   2|       12| 2|        2|      46033|          2|    27,85|     59,68|   31,83
     415|SUCCESS| 2|   3|       12| 3|        2|      20011|          2|    47,60|     59,78|   12,18
      92|SUCCESS| 2|   1|        5| 5|        2|      89281|          2|     7,60|     60,00|   52,40
      86|SUCCESS| 2|   1|        5| 1|        2|      90252|          2|     7,10|     60,33|   53,23
     418|SUCCESS| 2|   1|        5| 5|        2|      19600|          2|    48,35|     60,33|   11,98
     241|SUCCESS| 2|   2|       12| 2|        2|      59800|          2|    20,35|     60,33|   39,98
     273|SUCCESS| 2|   0|        6| 0|        2|      51629|          2|    24,35|     60,44|   36,09
     414|SUCCESS| 2|   0|        6| 4|        2|      19848|          2|    47,35|     60,44|   13,09
     125|SUCCESS| 2|   3|       12| 3|        2|      88810|          2|    10,35|     60,44|   50,09
     417|SUCCESS| 2|   0|        6| 0|        2|      19296|          2|    48,10|     60,55|   12,45
     408|SUCCESS| 2|   0|        6| 4|        2|      21839|          2|    45,85|     60,55|   14,70
     309|SUCCESS| 2|   2|       12| 2|        2|      46338|          2|    28,85|     60,55|   31,70
      71|SUCCESS| 2|   3|       12| 3|        2|     107788|          2|     5,85|     60,55|   54,70
     411|SUCCESS| 2|   0|        6| 0|        2|      21511|          2|    46,60|     60,66|   14,06
     267|SUCCESS| 2|   1|        5| 5|        2|      55907|          2|    23,60|     60,66|   37,06
     287|SUCCESS| 2|   3|       12| 3|        2|      52502|          2|    26,10|     60,66|   34,56
      95|SUCCESS| 2|   0|        6| 0|        2|      93447|          2|     7,85|     60,88|   53,03
     293|SUCCESS| 2|   1|        5| 1|        2|      49626|          2|    26,85|     60,88|   34,03
     422|SUCCESS| 2|   1|        5| 1|        2|      20027|          2|    49,35|     60,88|   11,53
     303|SUCCESS| 2|   3|       12| 3|        2|      49904|          2|    28,10|     60,88|   32,78
      65|SUCCESS| 2|   1|        5| 5|        2|     102605|          2|     5,35|     60,99|   55,64
     295|SUCCESS| 2|   1|        5| 5|        2|      50899|          2|    27,10|     60,99|   33,89
     419|SUCCESS| 2|   2|       12| 2|        2|      21371|          2|    48,60|     60,99|   12,39
     253|SUCCESS| 2|   0|        6| 4|        2|      53110|          2|    21,85|     61,10|   39,25
     423|SUCCESS| 2|   0|        6| 0|        2|      18541|          2|    49,60|     61,21|   11,61
     305|SUCCESS| 2|   1|        5| 1|        2|      48474|          2|    28,35|     61,21|   32,86
     421|SUCCESS| 2|   3|       12| 3|        2|      20926|          2|    49,10|     61,21|   12,11
     261|SUCCESS| 2|   0|        6| 4|        2|      52281|          2|    22,85|     61,43|   38,58
     420|SUCCESS| 2|   0|        6| 4|        2|      20661|          2|    48,85|     61,77|   12,92
     425|SUCCESS| 2|   2|       12| 2|        2|      20952|          2|    50,10|     61,77|   11,67
     428|SUCCESS| 2|   1|        5| 1|        2|      19890|          2|    50,85|     61,88|   11,03
     424|SUCCESS| 2|   1|        5| 5|        2|      20585|          2|    49,85|     61,88|   12,03
     429|SUCCESS| 2|   0|        6| 0|        2|      18291|          2|    51,10|     61,99|   10,89
     331|SUCCESS| 2|   1|        5| 5|        2|      46734|          2|    31,60|     61,99|   30,39
     269|SUCCESS| 2|   2|       12| 2|        2|      57521|          2|    23,85|     61,99|   38,14
     431|SUCCESS| 2|   2|       12| 2|        2|      19319|          2|    51,60|     61,99|   10,39
     427|SUCCESS| 2|   3|       12| 3|        2|      20314|          2|    50,60|     61,99|   11,39
     426|SUCCESS| 2|   0|        6| 4|        2|      19485|          2|    50,35|     62,10|   11,75
     143|SUCCESS| 2|   3|       12| 3|        2|      86710|          2|    11,85|     62,10|   50,25
     291|SUCCESS| 2|   0|        6| 0|        2|      51983|          2|    26,60|     62,21|   35,61
     313|SUCCESS| 2|   1|        5| 1|        2|      49573|          2|    29,35|     62,21|   32,86
     345|SUCCESS| 2|   1|        5| 1|        2|      44775|          2|    33,35|     62,32|   28,97
     430|SUCCESS| 2|   1|        5| 5|        2|      19216|          2|    51,35|     62,32|   10,97
     237|SUCCESS| 2|   0|        6| 4|        2|      59206|          2|    19,85|     62,54|   42,69
     110|SUCCESS| 2|   1|        5| 5|        2|      89591|          2|     9,10|     62,65|   53,55
     317|SUCCESS| 2|   1|        5| 5|        2|      50604|          2|    29,85|     62,65|   32,80
     351|SUCCESS| 2|   1|        5| 5|        2|      45208|          2|    34,10|     62,87|   28,77
     433|SUCCESS| 2|   3|       12| 3|        2|      20120|          2|    52,10|     62,87|   10,77
     434|SUCCESS| 2|   1|        5| 1|        2|      20376|          2|    52,35|     62,98|   10,63
     436|SUCCESS| 2|   1|        5| 5|        2|      18894|          2|    52,85|     63,09|   10,24
     315|SUCCESS| 2|   3|       12| 3|        2|      52763|          2|    29,60|     63,09|   33,49
     341|SUCCESS| 2|   3|       12| 3|        2|      47969|          2|    32,85|     63,09|   30,24
     167|SUCCESS| 2|   0|        6| 0|        2|      78034|          2|    13,85|     63,20|   49,35
      38|SUCCESS| 2|   0|        6| 4|        2|     116631|          2|     3,10|     63,20|   60,10
     432|SUCCESS| 2|   0|        6| 4|        2|      19875|          2|    51,85|     63,20|   11,35
     299|SUCCESS| 2|   0|        6| 0|        2|      53386|          2|    27,60|     63,42|   35,82
     347|SUCCESS| 2|   0|        6| 0|        2|      44881|          2|    33,60|     63,42|   29,82
     307|SUCCESS| 2|   1|        5| 5|        2|      54593|          2|    28,60|     63,42|   34,82
     439|SUCCESS| 2|   3|       12| 3|        2|      19528|          2|    53,60|     63,53|    9,93
     438|SUCCESS| 2|   0|        6| 4|        2|      19305|          2|    53,35|     63,75|   10,40
     134|SUCCESS| 2|   1|        5| 1|        2|      83534|          2|    11,10|     63,75|   52,65
     435|SUCCESS| 2|   0|        6| 0|        2|      20883|          2|    52,60|     63,97|   11,37
     440|SUCCESS| 2|   1|        5| 1|        2|      20761|          2|    53,85|     63,97|   10,12
     319|SUCCESS| 2|   2|       12| 2|        2|      52982|          2|    30,10|     63,97|   33,87
     437|SUCCESS| 2|   2|       12| 2|        2|      21782|          2|    53,10|     63,97|   10,87
     297|SUCCESS| 2|   0|        6| 4|        2|      51823|          2|    27,35|     64,08|   36,73
     285|SUCCESS| 2|   0|        6| 4|        2|      54279|          2|    25,85|     64,19|   38,34
     445|SUCCESS| 2|   3|       12| 3|        2|      18898|          2|    55,10|     64,19|    9,09
     443|SUCCESS| 2|   2|       12| 2|        2|      20382|          2|    54,60|     64,30|    9,70
     446|SUCCESS| 2|   1|        5| 1|        2|      19646|          2|    55,35|     64,52|    9,17
     442|SUCCESS| 2|   1|        5| 5|        2|      20669|          2|    54,35|     64,52|   10,17
     444|SUCCESS| 2|   0|        6| 4|        2|      19158|          2|    54,85|     64,63|    9,78
     333|SUCCESS| 2|   1|        5| 1|        2|      52924|          2|    31,85|     64,63|   32,78
     441|SUCCESS| 2|   0|        6| 0|        2|      20799|          2|    54,10|     64,74|   10,64
     321|SUCCESS| 2|   1|        5| 1|        2|      55800|          2|    30,35|     64,96|   34,61
     452|SUCCESS| 2|   1|        5| 1|        2|      18443|          2|    56,85|     64,96|    8,11
     448|SUCCESS| 2|   1|        5| 5|        2|      20519|          2|    55,85|     65,29|    9,44
     337|SUCCESS| 2|   2|       12| 2|        2|      53466|          2|    32,35|     65,29|   32,94
     450|SUCCESS| 2|   2|       12| 2|        2|      19969|          2|    56,35|     65,29|    8,94
     119|SUCCESS| 2|   0|        6| 4|        2|      88327|          2|     9,85|     65,40|   55,55
     449|SUCCESS| 2|   0|        6| 4|        2|      19572|          2|    56,10|     65,40|    9,30
     339|SUCCESS| 2|   1|        5| 5|        2|      54753|          2|    32,60|     65,40|   32,80
     122|SUCCESS| 2|   1|        5| 5|        2|      94657|          2|    10,10|     65,51|   55,41
     357|SUCCESS| 2|   2|       12| 2|        2|      50837|          2|    34,85|     65,51|   30,66
     311|SUCCESS| 2|   0|        6| 0|        2|      57127|          2|    29,10|     65,62|   36,52
     107|SUCCESS| 2|   0|        6| 4|        2|      91962|          2|     8,85|     65,62|   56,77
     349|SUCCESS| 2|   3|       12| 3|        2|      53821|          2|    33,85|     65,62|   31,77
     447|SUCCESS| 2|   0|        6| 0|        2|      21484|          2|    55,60|     65,73|   10,13
     457|SUCCESS| 2|   1|        5| 1|        2|      18912|          2|    58,10|     65,73|    7,63
      98|SUCCESS| 2|   1|        5| 1|        2|     101117|          2|     8,10|     65,84|   57,74
     454|SUCCESS| 2|   1|        5| 5|        2|      19590|          2|    57,35|     65,84|    8,49
     329|SUCCESS| 2|   2|       12| 2|        2|      56429|          2|    31,35|     65,84|   34,49
     451|SUCCESS| 2|   3|       12| 3|        2|      21259|          2|    56,60|     65,84|    9,24
     271|SUCCESS| 2|   0|        6| 4|        2|      61992|          2|    24,10|     65,95|   41,85
     323|SUCCESS| 2|   0|        6| 4|        2|      52897|          2|    30,60|     65,95|   35,35
     455|SUCCESS| 2|   0|        6| 4|        2|      18794|          2|    57,60|     65,95|    8,35
     453|SUCCESS| 2|   0|        6| 0|        2|      19917|          2|    57,10|     66,06|    8,96
     335|SUCCESS| 2|   0|        6| 4|        2|      51262|          2|    32,10|     66,06|   33,96
     456|SUCCESS| 2|   2|       12| 2|        2|      19544|          2|    57,85|     66,06|    8,21
     458|SUCCESS| 2|   3|       12| 3|        2|      18579|          2|    58,35|     66,06|    7,71
     325|SUCCESS| 2|   0|        6| 0|        2|      56678|          2|    30,85|     66,28|   35,43
     363|SUCCESS| 2|   1|        5| 1|        2|      54338|          2|    35,60|     66,28|   30,68
     359|SUCCESS| 2|   1|        5| 5|        2|      54338|          2|    35,10|     66,28|   31,18
     116|SUCCESS| 2|   2|       12| 2|        2|     101917|          2|     9,60|     66,39|   56,79
     191|SUCCESS| 2|   3|       12| 3|        2|      87511|          2|    15,85|     66,39|   50,54
     361|SUCCESS| 2|   3|       12| 3|        2|      54338|          2|    35,35|     66,39|   31,04
     179|SUCCESS| 2|   0|        6| 0|        2|      84795|          2|    14,85|     66,50|   51,65
     460|SUCCESS| 2|   1|        5| 5|        2|      19274|          2|    58,85|     66,50|    7,65
     343|SUCCESS| 2|   0|        6| 4|        2|      52358|          2|    33,10|     66,61|   33,51
     459|SUCCESS| 2|   0|        6| 0|        2|      19763|          2|    58,60|     66,72|    8,12
     176|SUCCESS| 2|   3|       12| 3|        2|      91911|          2|    14,60|     66,72|   52,12
     464|SUCCESS| 2|   1|        5| 1|        2|      20293|          2|    59,85|     66,83|    6,98
     371|SUCCESS| 2|   1|        5| 5|        2|      54338|          2|    36,60|     66,83|   30,23
     365|SUCCESS| 2|   2|       12| 2|        2|      54338|          2|    35,85|     66,83|   30,98
     353|SUCCESS| 2|   1|        5| 1|        2|      58930|          2|    34,35|     66,94|   32,59
     468|SUCCESS| 2|   1|        5| 1|        2|      18591|          2|    60,85|     66,94|    6,09
     355|SUCCESS| 2|   0|        6| 0|        2|      54657|          2|    34,60|     67,05|   32,45
     170|SUCCESS| 2|   1|        5| 1|        2|      88357|          2|    14,10|     67,05|   52,95
      83|SUCCESS| 2|   3|       12| 3|        2|     121810|          2|     6,85|     67,05|   60,20
     461|SUCCESS| 2|   0|        6| 4|        2|      21583|          2|    59,10|     67,16|    8,06
     466|SUCCESS| 2|   1|        5| 5|        2|      19360|          2|    60,35|     67,16|    6,81
     463|SUCCESS| 2|   3|       12| 3|        2|      20812|          2|    59,60|     67,27|    7,67
     467|SUCCESS| 2|   0|        6| 4|        2|      19662|          2|    60,60|     67,38|    6,78
     462|SUCCESS| 2|   2|       12| 2|        2|      21600|          2|    59,35|     67,38|    8,03
     367|SUCCESS| 2|   0|        6| 0|        2|      54338|          2|    36,10|     67,49|   31,39
     465|SUCCESS| 2|   0|        6| 0|        2|      20352|          2|    60,10|     67,60|    7,50
     474|SUCCESS| 2|   1|        5| 1|        2|      18884|          2|    62,35|     67,60|    5,25
     369|SUCCESS| 2|   0|        6| 4|        2|      54338|          2|    36,35|     67,71|   31,36
     327|SUCCESS| 2|   3|       12| 3|        2|      65824|          2|    31,10|     67,71|   36,61
     137|SUCCESS| 2|   1|        5| 5|        2|     100981|          2|    11,35|     67,82|   56,47
     469|SUCCESS| 2|   2|       12| 2|        2|      19939|          2|    61,10|     67,82|    6,72
     470|SUCCESS| 2|   3|       12| 3|        2|      19742|          2|    61,35|     67,82|    6,47
     471|SUCCESS| 2|   1|        5| 5|        2|      20819|          2|    61,60|     67,93|    6,33
     146|SUCCESS| 2|   0|        6| 0|        2|      98896|          2|    12,10|     68,04|   55,94
     473|SUCCESS| 2|   0|        6| 4|        2|      20569|          2|    62,10|     68,04|    5,94
     479|SUCCESS| 2|   1|        5| 1|        2|      19886|          2|    63,60|     68,15|    4,55
     158|SUCCESS| 2|   0|        6| 0|        2|      97252|          2|    13,10|     68,37|   55,27
     161|SUCCESS| 2|   1|        5| 5|        2|      99293|          2|    13,35|     68,37|   55,02
     477|SUCCESS| 2|   1|        5| 5|        2|      19426|          2|    63,10|     68,37|    5,27
      89|SUCCESS| 2|   2|       12| 2|        2|     118136|          2|     7,35|     68,37|   61,02
     476|SUCCESS| 2|   3|       12| 3|        2|      19041|          2|    62,85|     68,37|    5,52
     480|SUCCESS| 2|   0|        6| 4|        2|      19152|          2|    63,85|     68,48|    4,63
     140|SUCCESS| 2|   2|       12| 2|        2|     103950|          2|    11,60|     68,48|   56,88
     475|SUCCESS| 2|   2|       12| 2|        2|      19242|          2|    62,60|     68,48|    5,88
     472|SUCCESS| 2|   0|        6| 0|        2|      21840|          2|    61,85|     68,59|    6,74
     131|SUCCESS| 2|   0|        6| 4|        2|     102118|          2|    10,85|     68,59|   57,74
     200|SUCCESS| 2|   1|        5| 5|        2|      94627|          2|    16,60|     68,59|   51,99
     128|SUCCESS| 2|   0|        6| 0|        2|     107255|          2|    10,60|     68,70|   58,10
     182|SUCCESS| 2|   1|        5| 5|        2|      97694|          2|    15,10|     68,70|   53,60
     104|SUCCESS| 2|   2|       12| 2|        2|     115103|          2|     8,60|     68,70|   60,10
     113|SUCCESS| 2|   3|       12| 3|        2|     119527|          2|     9,35|     68,70|   59,35
     485|SUCCESS| 2|   1|        5| 1|        2|      19953|          2|    65,10|     68,81|    3,71
     478|SUCCESS| 2|   0|        6| 0|        2|      20003|          2|    63,35|     68,92|    5,57
     185|SUCCESS| 2|   0|        6| 4|        2|      93858|          2|    15,35|     68,92|   53,57
     197|SUCCESS| 2|   1|        5| 1|        2|      97188|          2|    16,35|     68,92|   52,57
     188|SUCCESS| 2|   0|        6| 0|        2|      94924|          2|    15,60|     69,03|   53,43
     486|SUCCESS| 2|   0|        6| 4|        2|      20825|          2|    65,35|     69,03|    3,68
     483|SUCCESS| 2|   1|        5| 5|        2|      20236|          2|    64,60|     69,03|    4,43
     209|SUCCESS| 2|   3|       12| 3|        2|      96521|          2|    17,35|     69,03|   51,68
     481|SUCCESS| 2|   3|       12| 3|        2|      19963|          2|    64,10|     69,14|    5,04
     230|SUCCESS| 2|   1|        5| 1|        2|      95867|          2|    19,10|     69,25|   50,15
     221|SUCCESS| 2|   3|       12| 3|        2|      95867|          2|    18,35|     69,25|   50,90
     482|SUCCESS| 2|   2|       12| 2|        2|      19906|          2|    64,35|     69,36|    5,01
     173|SUCCESS| 2|   0|        6| 4|        2|     101724|          2|    14,35|     69,47|   55,12
     155|SUCCESS| 2|   1|        5| 1|        2|     109955|          2|    12,85|     69,47|   56,62
     491|SUCCESS| 2|   1|        5| 1|        2|      19939|          2|    66,60|     69,47|    2,87
     489|SUCCESS| 2|   1|        5| 5|        2|      20169|          2|    66,10|     69,47|    3,37
     212|SUCCESS| 2|   2|       12| 2|        2|      95507|          2|    17,60|     69,47|   51,87
     233|SUCCESS| 2|   3|       12| 3|        2|      95867|          2|    19,35|     69,47|   50,12
     484|SUCCESS| 2|   0|        6| 0|        2|      22274|          2|    64,85|     69,58|    4,73
     164|SUCCESS| 2|   2|       12| 2|        2|     105276|          2|    13,60|     69,58|   55,98
     488|SUCCESS| 2|   3|       12| 3|        2|      18489|          2|    65,85|     69,58|    3,73
     224|SUCCESS| 2|   0|        6| 0|        2|      95867|          2|    18,60|     69,69|   51,09
     490|SUCCESS| 2|   0|        6| 0|        2|      19102|          2|    66,35|     69,69|    3,34
     493|SUCCESS| 2|   0|        6| 4|        2|      21539|          2|    67,10|     69,69|    2,59
     227|SUCCESS| 2|   2|       12| 2|        2|      95867|          2|    18,85|     69,80|   50,95
     152|SUCCESS| 2|   3|       12| 3|        2|     116984|          2|    12,60|     69,80|   57,20
     492|SUCCESS| 2|   3|       12| 3|        2|      19134|          2|    66,85|     69,80|    2,95
     206|SUCCESS| 2|   0|        6| 0|        2|     102212|          2|    17,10|     69,91|   52,81
     194|SUCCESS| 2|   2|       12| 2|        2|     103288|          2|    16,10|     69,91|   53,81
     487|SUCCESS| 2|   2|       12| 2|        2|      21085|          2|    65,60|     69,91|    4,31
     498|SUCCESS| 2|   1|        5| 1|        2|      18461|          2|    68,35|     70,02|    1,67
     149|SUCCESS| 2|   1|        5| 5|        2|     118825|          2|    12,35|     70,02|   57,67
     495|SUCCESS| 2|   1|        5| 5|        2|      19864|          2|    67,60|     70,02|    2,42
     497|SUCCESS| 2|   3|       12| 3|        2|      19653|          2|    68,10|     70,02|    1,92
     496|SUCCESS| 2|   0|        6| 0|        2|      19886|          2|    67,85|     70,13|    2,28
     500|SUCCESS| 2|   0|        6| 4|        2|      20577|          2|    68,85|     70,13|    1,28
     494|SUCCESS| 2|   2|       12| 2|        2|      19229|          2|    67,35|     70,13|    2,78
     203|SUCCESS| 2|   0|        6| 4|        2|     115230|          2|    16,85|     70,24|   53,39
     218|SUCCESS| 2|   1|        5| 5|        2|     111526|          2|    18,10|     70,24|   52,14
     499|SUCCESS| 2|   2|       12| 2|        2|      20066|          2|    68,60|     70,24|    1,64
     503|SUCCESS| 2|   0|        6| 0|        2|      19089|          2|    69,60|     70,35|    0,75
     501|SUCCESS| 2|   1|        5| 5|        2|      19744|          2|    69,10|     70,35|    1,25
     215|SUCCESS| 2|   1|        5| 1|        2|     121653|          2|    17,85|     70,57|   52,72
     502|SUCCESS| 2|   1|        5| 1|        2|      22372|          2|    69,35|     70,57|    1,22
-----------------------------------------------------------------------------------------------------
Simulation finished in: 71,93 seconds.
Total tasks executed: 504
Average MI: 41161,79
Average execution latency: 21,90
MI 90th percentile: 94790,50
Average tail execution latency: 50,41
Maximum task execution time violations: 59

Mean Number of Failures per Hour: 100,000 (1 failure expected at each 0,01 hours).
Number of Host faults: 3
Number of VM faults (VMs destroyed): 0
Time the simulations finished: 0,0200 hours
Mean Time To Repair Failures of VMs in minutes (MTTR): 0,00 minute
Mean Time Between Failures (MTBF) affecting all VMs in minutes: 0,00 minutes
Hosts MTBF: 0,00 minutes
Availability: 100,00%


Max faults allowed by SLA 5,00
Faults: 3,00. SLA contract ok
FaultCustomSimulation finished!