 SIMULATION RESULTS

Cloudlet|Status |DC|Host|Host PEs |VM|VM PEs   |CloudletLen|CloudletPEs|StartTime|FinishTime|ExecTime
      ID|       |ID|  ID|CPU cores|ID|CPU cores|         MI|  CPU cores|  Seconds|   Seconds| Seconds
-----------------------------------------------------------------------------------------------------
       0|SUCCESS| 2|   0|       12| 0|        2|      17875|          2|     0,10|      1,10|    1,00
       3|SUCCESS| 2|   3|       12| 3|        2|      17875|          2|     0,35|      1,32|    0,97
       6|SUCCESS| 2|   1|       12| 1|        2|      19281|          2|     0,60|      2,16|    1,56
       9|SUCCESS| 2|   2|       12| 2|        2|      18368|          2|     0,85|      2,38|    1,53
       1|SUCCESS| 2|   1|       12| 1|        2|      48782|          2|     0,10|      3,58|    3,48
      12|SUCCESS| 2|   0|       12| 0|        2|      19897|          2|     1,10|      3,90|    2,80
      15|SUCCESS| 2|   1|       12| 1|        2|      21111|          2|     1,35|      4,50|    3,15
      18|SUCCESS| 2|   2|       12| 2|        2|      18527|          2|     1,60|      4,72|    3,12
      21|SUCCESS| 2|   3|       12| 3|        2|      19161|          2|     1,85|      4,83|    2,98
      27|SUCCESS| 2|   1|       12| 1|        2|      18628|          2|     2,35|      6,07|    3,72
      24|SUCCESS| 2|   2|       12| 2|        2|      19595|          2|     2,10|      6,55|    4,45
      30|SUCCESS| 2|   3|       12| 3|        2|      19596|          2|     2,60|      7,45|    4,85
      33|SUCCESS| 2|   0|       12| 0|        2|      20091|          2|     2,85|      9,21|    6,36
      45|SUCCESS| 2|   1|       12| 1|        2|      18708|          2|     3,85|      9,21|    5,36
      39|SUCCESS| 2|   2|       12| 2|        2|      18434|          2|     3,35|      9,21|    5,86
       4|SUCCESS| 2|   0|       12| 0|        2|      48782|          2|     0,35|      9,43|    9,08
      36|SUCCESS| 2|   0|       12| 0|        2|      20197|          2|     3,10|     10,07|    6,97
      10|SUCCESS| 2|   3|       12| 3|        2|      47690|          2|     0,85|     10,29|    9,44
      42|SUCCESS| 2|   3|       12| 3|        2|      20795|          2|     3,60|     11,44|    7,84
       7|SUCCESS| 2|   0|       12| 0|        2|      48935|          2|     0,60|     12,38|   11,78
      57|SUCCESS| 2|   1|       12| 1|        2|      20036|          2|     4,85|     12,38|    7,53
      54|SUCCESS| 2|   2|       12| 2|        2|      19618|          2|     4,60|     13,02|    8,42
      51|SUCCESS| 2|   3|       12| 3|        2|      19745|          2|     4,35|     13,13|    8,78
      48|SUCCESS| 2|   0|       12| 0|        2|      20734|          2|     4,10|     13,24|    9,14
      60|SUCCESS| 2|   0|       12| 0|        2|      19675|          2|     5,10|     15,33|   10,23
      63|SUCCESS| 2|   3|       12| 3|        2|      19098|          2|     5,35|     15,44|   10,09
      78|SUCCESS| 2|   1|       12| 1|        2|      19691|          2|     6,60|     16,99|   10,39
      66|SUCCESS| 2|   3|       12| 3|        2|      20266|          2|     5,60|     17,10|   11,50
      69|SUCCESS| 2|   0|       12| 0|        2|      19977|          2|     5,85|     17,75|   11,90
      13|SUCCESS| 2|   0|       12| 0|        2|      47486|          2|     1,10|     17,86|   16,76
      72|SUCCESS| 2|   2|       12| 2|        2|      20279|          2|     6,10|     17,97|   11,87
      87|SUCCESS| 2|   1|       12| 1|        2|      18917|          2|     7,35|     18,45|   11,10
       2|SUCCESS| 2|   2|       12| 2|        2|      89578|          2|     0,10|     19,03|   18,93
      84|SUCCESS| 2|   2|       12| 2|        2|      18554|          2|     7,10|     19,14|   12,04
      81|SUCCESS| 2|   3|       12| 3|        2|      19277|          2|     6,85|     19,36|   12,51
      75|SUCCESS| 2|   0|       12| 0|        2|      20839|          2|     6,35|     19,99|   13,64
      90|SUCCESS| 2|   0|       12| 0|        2|      19422|          2|     7,60|     21,65|   14,05
      25|SUCCESS| 2|   2|       12| 2|        2|      42575|          2|     2,10|     21,86|   19,76
      96|SUCCESS| 2|   3|       12| 3|        2|      19045|          2|     8,10|     22,08|   13,98
      93|SUCCESS| 2|   2|       12| 2|        2|      19484|          2|     7,85|     22,19|   14,34
      99|SUCCESS| 2|   0|       12| 0|        2|      18904|          2|     8,35|     22,83|   14,48
     105|SUCCESS| 2|   1|       12| 1|        2|      20495|          2|     8,85|     23,45|   14,60
     102|SUCCESS| 2|   2|       12| 2|        2|      19013|          2|     8,60|     23,67|   15,07
     117|SUCCESS| 2|   1|       12| 1|        2|      19076|          2|     9,85|     24,19|   14,34
      22|SUCCESS| 2|   1|       12| 1|        2|      53158|          2|     1,85|     24,51|   22,66
     129|SUCCESS| 2|   1|       12| 1|        2|      17527|          2|    10,85|     24,62|   13,77
     108|SUCCESS| 2|   0|       12| 0|        2|      19813|          2|     9,10|     25,47|   16,37
     111|SUCCESS| 2|   3|       12| 3|        2|      19603|          2|     9,35|     25,58|   16,23
      16|SUCCESS| 2|   0|       12| 0|        2|      51863|          2|     1,35|     25,69|   24,34
     120|SUCCESS| 2|   0|       12| 0|        2|      18799|          2|    10,10|     26,50|   16,40
     114|SUCCESS| 2|   2|       12| 2|        2|      19569|          2|     9,60|     27,00|   17,40
     126|SUCCESS| 2|   3|       12| 3|        2|      19582|          2|    10,60|     28,24|   17,64
     135|SUCCESS| 2|   3|       12| 3|        2|      18516|          2|    11,35|     28,46|   17,11
     132|SUCCESS| 2|   0|       12| 0|        2|      18707|          2|    11,10|     28,56|   17,46
     123|SUCCESS| 2|   2|       12| 2|        2|      19405|          2|    10,35|     28,67|   18,32
     141|SUCCESS| 2|   1|       12| 1|        2|      21063|          2|    11,85|     30,21|   18,36
      34|SUCCESS| 2|   1|       12| 1|        2|      51014|          2|     2,85|     30,43|   27,58
     138|SUCCESS| 2|   2|       12| 2|        2|      18809|          2|    11,60|     30,87|   19,27
     150|SUCCESS| 2|   0|       12| 0|        2|      18608|          2|    12,60|     31,36|   18,76
     144|SUCCESS| 2|   2|       12| 2|        2|      18603|          2|    12,10|     31,69|   19,59
     153|SUCCESS| 2|   0|       12| 0|        2|      18708|          2|    12,85|     32,02|   19,17
      31|SUCCESS| 2|   3|       12| 3|        2|      48384|          2|     2,60|     32,02|   29,42
     156|SUCCESS| 2|   1|       12| 1|        2|      20902|          2|    13,10|     32,46|   19,36
     165|SUCCESS| 2|   1|       12| 1|        2|      19754|          2|    13,85|     32,46|   18,61
      19|SUCCESS| 2|   2|       12| 2|        2|      55903|          2|     1,60|     32,68|   31,08
      28|SUCCESS| 2|   2|       12| 2|        2|      49377|          2|     2,35|     32,79|   30,44
     186|SUCCESS| 2|   1|       12| 1|        2|      17799|          2|    15,60|     33,01|   17,41
     147|SUCCESS| 2|   0|       12| 0|        2|      20658|          2|    12,35|     33,69|   21,34
     159|SUCCESS| 2|   2|       12| 2|        2|      19019|          2|    13,35|     34,93|   21,58
     174|SUCCESS| 2|   1|       12| 1|        2|      20781|          2|    14,60|     35,04|   20,44
     168|SUCCESS| 2|   3|       12| 3|        2|      20311|          2|    14,10|     36,61|   22,51
     177|SUCCESS| 2|   0|       12| 0|        2|      19600|          2|    14,85|     37,05|   22,20
     180|SUCCESS| 2|   3|       12| 3|        2|      19276|          2|    15,10|     37,05|   21,95
     171|SUCCESS| 2|   2|       12| 2|        2|      19176|          2|    14,35|     37,26|   22,91
     162|SUCCESS| 2|   0|       12| 0|        2|      21683|          2|    13,60|     37,72|   24,12
     198|SUCCESS| 2|   2|       12| 2|        2|      17050|          2|    16,60|     38,05|   21,45
     189|SUCCESS| 2|   3|       12| 3|        2|      20207|          2|    15,85|     39,75|   23,90
      46|SUCCESS| 2|   1|       12| 1|        2|      53028|          2|     3,85|     40,21|   36,36
     201|SUCCESS| 2|   3|       12| 3|        2|      19449|          2|    16,85|     40,32|   23,47
      58|SUCCESS| 2|   3|       12| 3|        2|      42642|          2|     4,85|     41,06|   36,21
     207|SUCCESS| 2|   2|       12| 2|        2|      18304|          2|    17,35|     41,39|   24,04
     183|SUCCESS| 2|   2|       12| 2|        2|      20553|          2|    15,35|     41,50|   26,15
     192|SUCCESS| 2|   2|       12| 2|        2|      20340|          2|    16,10|     42,46|   26,36
     195|SUCCESS| 2|   0|       12| 0|        2|      21561|          2|    16,35|     42,79|   26,44
       5|SUCCESS| 2|   3|       12| 3|        2|      89578|          2|     0,35|     42,79|   42,44
      52|SUCCESS| 2|   3|       12| 3|        2|      45936|          2|     4,35|     43,01|   38,66
     213|SUCCESS| 2|   0|       12| 0|        2|      19949|          2|    18,10|     43,23|   25,13
     217|SUCCESS| 2|   0|       12| 0|        2|      19509|          2|    18,60|     43,34|   24,74
      37|SUCCESS| 2|   0|       12| 0|        2|      52044|          2|     3,10|     44,31|   41,21
     204|SUCCESS| 2|   0|       12| 0|        2|      21807|          2|    17,10|     44,42|   27,32
     221|SUCCESS| 2|   0|       12| 0|        2|      19661|          2|    19,10|     44,42|   25,32
     219|SUCCESS| 2|   0|       12| 0|        2|      20095|          2|    18,85|     44,64|   25,79
     227|SUCCESS| 2|   3|       12| 3|        2|      19076|          2|    19,85|     44,75|   24,90
      64|SUCCESS| 2|   3|       12| 3|        2|      43404|          2|     5,35|     44,97|   39,62
     215|SUCCESS| 2|   0|       12| 0|        2|      20952|          2|    18,35|     45,19|   26,84
     229|SUCCESS| 2|   3|       12| 3|        2|      19324|          2|    20,10|     45,52|   25,42
     235|SUCCESS| 2|   3|       12| 3|        2|      18755|          2|    20,85|     45,74|   24,89
     223|SUCCESS| 2|   2|       12| 2|        2|      19349|          2|    19,35|     46,23|   26,88
     231|SUCCESS| 2|   3|       12| 3|        2|      19562|          2|    20,35|     46,23|   25,88
     237|SUCCESS| 2|   3|       12| 3|        2|      18822|          2|    21,10|     46,23|   25,13
     211|SUCCESS| 2|   2|       12| 2|        2|      20864|          2|    17,85|     46,34|   28,49
     259|SUCCESS| 2|   0|       12| 0|        2|      16955|          2|    23,85|     47,17|   23,32
      40|SUCCESS| 2|   2|       12| 2|        2|      52495|          2|     3,35|     47,61|   44,26
     257|SUCCESS| 2|   1|       12| 1|        2|      19610|          2|    23,60|     47,72|   24,12
     225|SUCCESS| 2|   2|       12| 2|        2|      20021|          2|    19,60|     47,72|   28,12
      49|SUCCESS| 2|   0|       12| 0|        2|      49831|          2|     4,10|     47,94|   43,84
      43|SUCCESS| 2|   2|       12| 2|        2|      51558|          2|     3,60|     48,16|   44,56
     239|SUCCESS| 2|   3|       12| 3|        2|      20249|          2|    21,35|     48,61|   27,26
     243|SUCCESS| 2|   3|       12| 3|        2|      19989|          2|    21,85|     48,94|   27,09
     209|SUCCESS| 2|   2|       12| 2|        2|      22841|          2|    17,60|     49,16|   31,56
     273|SUCCESS| 2|   3|       12| 3|        2|      16820|          2|    25,60|     49,16|   23,56
     233|SUCCESS| 2|   3|       12| 3|        2|      21874|          2|    20,60|     49,82|   29,22
     241|SUCCESS| 2|   3|       12| 3|        2|      20973|          2|    21,60|     49,93|   28,33
     255|SUCCESS| 2|   1|       12| 1|        2|      21544|          2|    23,35|     50,26|   26,91
     277|SUCCESS| 2|   1|       12| 1|        2|      18960|          2|    26,10|     50,59|   24,49
     247|SUCCESS| 2|   2|       12| 2|        2|      19651|          2|    22,35|     51,34|   28,99
     253|SUCCESS| 2|   2|       12| 2|        2|      19197|          2|    23,10|     51,67|   28,57
     283|SUCCESS| 2|   3|       12| 3|        2|      17634|          2|    26,85|     51,67|   24,82
     249|SUCCESS| 2|   2|       12| 2|        2|      19926|          2|    22,60|     52,11|   29,51
     269|SUCCESS| 2|   3|       12| 3|        2|      19562|          2|    25,10|     52,33|   27,23
     261|SUCCESS| 2|   0|       12| 0|        2|      20330|          2|    24,10|     52,55|   28,45
      55|SUCCESS| 2|   3|       12| 3|        2|      51907|          2|     4,60|     52,88|   48,28
     267|SUCCESS| 2|   0|       12| 0|        2|      20036|          2|    24,85|     53,21|   28,36
     245|SUCCESS| 2|   2|       12| 2|        2|      21230|          2|    22,10|     53,54|   31,44
     251|SUCCESS| 2|   2|       12| 2|        2|      20544|          2|    22,85|     53,54|   30,69
     285|SUCCESS| 2|   3|       12| 3|        2|      18792|          2|    27,10|     53,54|   26,44
     263|SUCCESS| 2|   0|       12| 0|        2|      20849|          2|    24,35|     53,76|   29,41
     265|SUCCESS| 2|   0|       12| 0|        2|      21168|          2|    24,60|     54,58|   29,98
     293|SUCCESS| 2|   1|       12| 1|        2|      19644|          2|    28,10|     54,69|   26,59
      85|SUCCESS| 2|   3|       12| 3|        2|      45856|          2|     7,10|     55,25|   48,15
     271|SUCCESS| 2|   3|       12| 3|        2|      21575|          2|    25,35|     55,36|   30,01
     291|SUCCESS| 2|   1|       12| 1|        2|      20491|          2|    27,85|     55,58|   27,73
     295|SUCCESS| 2|   1|       12| 1|        2|      20067|          2|    28,35|     55,69|   27,34
     275|SUCCESS| 2|   3|       12| 3|        2|      21612|          2|    25,85|     56,02|   30,17
      88|SUCCESS| 2|   1|       12| 1|        2|      49829|          2|     7,35|     56,35|   49,00
     287|SUCCESS| 2|   0|       12| 0|        2|      20441|          2|    27,35|     57,12|   29,77
     305|SUCCESS| 2|   0|       12| 0|        2|      18754|          2|    29,60|     57,34|   27,74
      91|SUCCESS| 2|   1|       12| 1|        2|      49728|          2|     7,60|     57,34|   49,74
     289|SUCCESS| 2|   2|       12| 2|        2|      18981|          2|    27,60|     57,34|   29,74
     297|SUCCESS| 2|   2|       12| 2|        2|      18740|          2|    28,60|     58,27|   29,67
       8|SUCCESS| 2|   1|       12| 1|        2|      96192|          2|     0,60|     58,71|   58,11
     281|SUCCESS| 2|   2|       12| 2|        2|      20613|          2|    26,60|     58,71|   32,11
      67|SUCCESS| 2|   1|       12| 1|        2|      57691|          2|     5,60|     58,93|   53,33
     335|SUCCESS| 2|   1|       12| 1|        2|      17847|          2|    33,35|     58,93|   25,58
     100|SUCCESS| 2|   3|       12| 3|        2|      45728|          2|     8,35|     59,04|   50,69
     317|SUCCESS| 2|   3|       12| 3|        2|      20075|          2|    31,10|     59,52|   28,42
     301|SUCCESS| 2|   0|       12| 0|        2|      20775|          2|    29,10|     59,96|   30,86
     279|SUCCESS| 2|   2|       12| 2|        2|      21548|          2|    26,35|     59,96|   33,61
     309|SUCCESS| 2|   2|       12| 2|        2|      18884|          2|    30,10|     60,29|   30,19
     303|SUCCESS| 2|   0|       12| 0|        2|      20910|          2|    29,35|     60,51|   31,16
     313|SUCCESS| 2|   0|       12| 0|        2|      20080|          2|    30,60|     60,73|   30,13
     329|SUCCESS| 2|   1|       12| 1|        2|      19731|          2|    32,60|     60,84|   28,24
     331|SUCCESS| 2|   1|       12| 1|        2|      19510|          2|    32,85|     60,84|   27,99
      82|SUCCESS| 2|   3|       12| 3|        2|      50713|          2|     6,85|     61,06|   54,21
     112|SUCCESS| 2|   3|       12| 3|        2|      45123|          2|     9,35|     61,06|   51,71
      17|SUCCESS| 2|   1|       12| 1|        2|      85582|          2|     1,35|     61,28|   59,93
     109|SUCCESS| 2|   0|       12| 0|        2|      44714|          2|     9,10|     61,61|   52,51
      73|SUCCESS| 2|   2|       12| 2|        2|      50447|          2|     6,10|     61,72|   55,62
     124|SUCCESS| 2|   2|       12| 2|        2|      40378|          2|    10,35|     61,94|   51,59
     315|SUCCESS| 2|   0|       12| 0|        2|      20720|          2|    30,85|     62,05|   31,20
     319|SUCCESS| 2|   2|       12| 2|        2|      19164|          2|    31,35|     62,16|   30,81
     333|SUCCESS| 2|   1|       12| 1|        2|      20320|          2|    33,10|     62,38|   29,28
     299|SUCCESS| 2|   2|       12| 2|        2|      21138|          2|    28,85|     62,49|   33,64
     337|SUCCESS| 2|   1|       12| 1|        2|      20076|          2|    33,60|     62,71|   29,11
     307|SUCCESS| 2|   2|       12| 2|        2|      20522|          2|    29,85|     62,71|   32,86
     133|SUCCESS| 2|   0|       12| 0|        2|      41855|          2|    11,10|     62,82|   51,72
     130|SUCCESS| 2|   1|       12| 1|        2|      45946|          2|    10,85|     62,82|   51,97
     311|SUCCESS| 2|   2|       12| 2|        2|      20356|          2|    30,35|     63,04|   32,69
     106|SUCCESS| 2|   1|       12| 1|        2|      50394|          2|     8,85|     63,15|   54,30
     323|SUCCESS| 2|   2|       12| 2|        2|      19584|          2|    31,85|     63,48|   31,63
      76|SUCCESS| 2|   0|       12| 0|        2|      52140|          2|     6,35|     63,59|   57,24
      79|SUCCESS| 2|   0|       12| 0|        2|      51660|          2|     6,60|     63,81|   57,21
     327|SUCCESS| 2|   1|       12| 1|        2|      22087|          2|    32,35|     64,03|   31,68
     115|SUCCESS| 2|   3|       12| 3|        2|      46804|          2|     9,60|     64,03|   54,43
     364|SUCCESS| 2|   1|       12| 1|        2|      18017|          2|    37,85|     64,57|   26,72
     345|SUCCESS| 2|   0|       12| 0|        2|      19857|          2|    34,60|     65,01|   30,41
     321|SUCCESS| 2|   2|       12| 2|        2|      20919|          2|    31,60|     65,23|   33,63
     351|SUCCESS| 2|   1|       12| 1|        2|      20559|          2|    35,35|     65,45|   30,10
     343|SUCCESS| 2|   0|       12| 0|        2|      20409|          2|    34,35|     65,56|   31,21
     339|SUCCESS| 2|   2|       12| 2|        2|      19550|          2|    33,85|     65,56|   31,71
     103|SUCCESS| 2|   2|       12| 2|        2|      46369|          2|     8,60|     65,67|   57,07
     363|SUCCESS| 2|   2|       12| 2|        2|      17245|          2|    37,60|     65,67|   28,07
      70|SUCCESS| 2|   0|       12| 0|        2|      55260|          2|     5,85|     66,11|   60,26
     341|SUCCESS| 2|   0|       12| 0|        2|      21014|          2|    34,10|     66,22|   32,12
     325|SUCCESS| 2|   2|       12| 2|        2|      21213|          2|    32,10|     66,22|   34,12
     358|SUCCESS| 2|   0|       12| 0|        2|      19784|          2|    36,35|     66,72|   30,37
      61|SUCCESS| 2|   2|       12| 2|        2|      57145|          2|     5,10|     66,94|   61,84
     360|SUCCESS| 2|   1|       12| 1|        2|      20535|          2|    36,85|     67,05|   30,20
     347|SUCCESS| 2|   2|       12| 2|        2|      19890|          2|    34,85|     67,05|   32,20
     362|SUCCESS| 2|   3|       12| 3|        2|      21056|          2|    37,35|     67,16|   29,81
     366|SUCCESS| 2|   3|       12| 3|        2|      20428|          2|    38,35|     67,26|   28,91
     353|SUCCESS| 2|   0|       12| 0|        2|      20755|          2|    35,60|     67,37|   31,77
     369|SUCCESS| 2|   0|       12| 0|        2|      18442|          2|    39,10|     67,48|   28,38
      94|SUCCESS| 2|   1|       12| 1|        2|      56271|          2|     7,85|     68,03|   60,18
     357|SUCCESS| 2|   2|       12| 2|        2|      19833|          2|    36,10|     68,14|   32,04
     361|SUCCESS| 2|   0|       12| 0|        2|      20346|          2|    37,10|     68,25|   31,15
     370|SUCCESS| 2|   3|       12| 3|        2|      20487|          2|    39,35|     68,25|   28,90
     365|SUCCESS| 2|   0|       12| 0|        2|      19681|          2|    38,10|     68,36|   30,26
     378|SUCCESS| 2|   3|       12| 3|        2|      19273|          2|    41,35|     68,47|   27,12
     355|SUCCESS| 2|   0|       12| 0|        2|      21433|          2|    35,85|     68,69|   32,84
     372|SUCCESS| 2|   1|       12| 1|        2|      19545|          2|    39,85|     68,91|   29,06
     359|SUCCESS| 2|   2|       12| 2|        2|      20063|          2|    36,60|     69,02|   32,42
     368|SUCCESS| 2|   1|       12| 1|        2|      20636|          2|    38,85|     69,46|   30,61
     349|SUCCESS| 2|   2|       12| 2|        2|      21557|          2|    35,10|     69,79|   34,69
     118|SUCCESS| 2|   1|       12| 1|        2|      52812|          2|     9,85|     69,90|   60,05
     367|SUCCESS| 2|   2|       12| 2|        2|      19498|          2|    38,60|     70,01|   31,41
     373|SUCCESS| 2|   0|       12| 0|        2|      19788|          2|    40,10|     70,34|   30,24
     376|SUCCESS| 2|   1|       12| 1|        2|      19832|          2|    40,85|     70,45|   29,60
     374|SUCCESS| 2|   3|       12| 3|        2|      21330|          2|    40,35|     70,45|   30,10
     154|SUCCESS| 2|   3|       12| 3|        2|      46282|          2|    12,85|     70,78|   57,93
     380|SUCCESS| 2|   1|       12| 1|        2|      19521|          2|    41,85|     71,00|   29,15
      29|SUCCESS| 2|   1|       12| 1|        2|      83219|          2|     2,35|     71,11|   68,76
     377|SUCCESS| 2|   0|       12| 0|        2|      19786|          2|    41,10|     71,33|   30,23
      97|SUCCESS| 2|   3|       12| 3|        2|      54949|          2|     8,10|     71,33|   63,23
     386|SUCCESS| 2|   3|       12| 3|        2|      20021|          2|    43,35|     71,55|   28,20
     384|SUCCESS| 2|   1|       12| 1|        2|      19344|          2|    42,85|     71,77|   28,92
     175|SUCCESS| 2|   1|       12| 1|        2|      46191|          2|    14,60|     71,99|   57,39
     382|SUCCESS| 2|   3|       12| 3|        2|      21028|          2|    42,35|     71,99|   29,64
     389|SUCCESS| 2|   0|       12| 0|        2|      18418|          2|    44,10|     72,10|   28,00
     388|SUCCESS| 2|   1|       12| 1|        2|      19251|          2|    43,85|     72,65|   28,80
     121|SUCCESS| 2|   0|       12| 0|        2|      50357|          2|    10,10|     72,76|   62,66
     381|SUCCESS| 2|   0|       12| 0|        2|      20170|          2|    42,10|     72,76|   30,66
     396|SUCCESS| 2|   1|       12| 1|        2|      18014|          2|    45,85|     72,87|   27,02
     375|SUCCESS| 2|   2|       12| 2|        2|      20326|          2|    40,60|     73,09|   32,49
     371|SUCCESS| 2|   2|       12| 2|        2|      21106|          2|    39,60|     73,31|   33,71
     400|SUCCESS| 2|   3|       12| 3|        2|      18999|          2|    46,85|     73,53|   26,68
     387|SUCCESS| 2|   2|       12| 2|        2|      19023|          2|    43,60|     73,97|   30,37
     383|SUCCESS| 2|   2|       12| 2|        2|      19775|          2|    42,60|     74,08|   31,48
     391|SUCCESS| 2|   3|       12| 3|        2|      21127|          2|    44,60|     74,30|   29,70
     390|SUCCESS| 2|   2|       12| 2|        2|      18910|          2|    44,35|     74,41|   30,06
     385|SUCCESS| 2|   0|       12| 0|        2|      20713|          2|    43,10|     74,52|   31,42
     399|SUCCESS| 2|   1|       12| 1|        2|      18813|          2|    46,60|     74,63|   28,03
     379|SUCCESS| 2|   2|       12| 2|        2|      20833|          2|    41,60|     74,74|   33,14
     393|SUCCESS| 2|   0|       12| 0|        2|      19640|          2|    45,10|     74,85|   29,75
     395|SUCCESS| 2|   3|       12| 3|        2|      20982|          2|    45,60|     75,07|   29,47
     408|SUCCESS| 2|   3|       12| 3|        2|      18765|          2|    48,85|     75,18|   26,33
     178|SUCCESS| 2|   0|       12| 0|        2|      44965|          2|    14,85|     75,40|   60,55
     397|SUCCESS| 2|   0|       12| 0|        2|      19426|          2|    46,10|     75,50|   29,40
     403|SUCCESS| 2|   1|       12| 1|        2|      19011|          2|    47,60|     75,83|   28,23
     169|SUCCESS| 2|   3|       12| 3|        2|      48524|          2|    14,10|     76,49|   62,39
     136|SUCCESS| 2|   3|       12| 3|        2|      52807|          2|    11,35|     76,71|   65,36
     392|SUCCESS| 2|   1|       12| 1|        2|      21563|          2|    44,85|     76,82|   31,97
     398|SUCCESS| 2|   2|       12| 2|        2|      19354|          2|    46,35|     76,82|   30,47
     404|SUCCESS| 2|   3|       12| 3|        2|      20622|          2|    47,85|     76,82|   28,97
     405|SUCCESS| 2|   0|       12| 0|        2|      19210|          2|    48,10|     77,04|   28,94
     394|SUCCESS| 2|   2|       12| 2|        2|      20114|          2|    45,35|     77,04|   31,69
     222|SUCCESS| 2|   3|       12| 3|        2|      42967|          2|    19,10|     77,04|   57,94
     199|SUCCESS| 2|   1|       12| 1|        2|      47756|          2|    16,60|     77,70|   61,10
     407|SUCCESS| 2|   1|       12| 1|        2|      19919|          2|    48,60|     78,03|   29,43
     411|SUCCESS| 2|   1|       12| 1|        2|      19248|          2|    49,60|     78,03|   28,43
      14|SUCCESS| 2|   3|       12| 3|        2|      99206|          2|     1,10|     78,03|   76,93
     412|SUCCESS| 2|   3|       12| 3|        2|      20133|          2|    49,85|     78,03|   28,18
     413|SUCCESS| 2|   0|       12| 0|        2|      18652|          2|    50,10|     78,14|   28,04
     418|SUCCESS| 2|   1|       12| 1|        2|      18220|          2|    51,35|     78,14|   26,79
     409|SUCCESS| 2|   0|       12| 0|        2|      19740|          2|    49,10|     78,68|   29,58
     190|SUCCESS| 2|   3|       12| 3|        2|      47883|          2|    15,85|     78,68|   62,83
     212|SUCCESS| 2|   2|       12| 2|        2|      41562|          2|    17,85|     78,79|   60,94
     402|SUCCESS| 2|   2|       12| 2|        2|      20093|          2|    47,35|     78,79|   31,44
     401|SUCCESS| 2|   0|       12| 0|        2|      21222|          2|    47,10|     78,90|   31,80
     187|SUCCESS| 2|   1|       12| 1|        2|      49918|          2|    15,60|     78,90|   63,30
      11|SUCCESS| 2|   2|       12| 2|        2|      97512|          2|     0,85|     79,12|   78,27
     416|SUCCESS| 2|   3|       12| 3|        2|      20250|          2|    50,85|     79,12|   28,27
     421|SUCCESS| 2|   0|       12| 0|        2|      18538|          2|    52,10|     79,79|   27,69
     422|SUCCESS| 2|   1|       12| 1|        2|      18977|          2|    52,35|     80,01|   27,66
     406|SUCCESS| 2|   2|       12| 2|        2|      20435|          2|    48,35|     80,12|   31,77
     420|SUCCESS| 2|   3|       12| 3|        2|      20319|          2|    51,85|     80,12|   28,27
     181|SUCCESS| 2|   0|       12| 0|        2|      48328|          2|    15,10|     80,45|   65,35
     127|SUCCESS| 2|   2|       12| 2|        2|      52503|          2|    10,60|     80,67|   70,07
     428|SUCCESS| 2|   3|       12| 3|        2|      19286|          2|    53,85|     80,67|   26,82
     414|SUCCESS| 2|   1|       12| 1|        2|      20909|          2|    50,35|     80,89|   30,54
      20|SUCCESS| 2|   0|       12| 0|        2|      87697|          2|     1,60|     81,11|   79,51
     417|SUCCESS| 2|   0|       12| 0|        2|      20246|          2|    51,10|     81,22|   30,12
     424|SUCCESS| 2|   3|       12| 3|        2|      20527|          2|    52,85|     81,33|   28,48
     429|SUCCESS| 2|   0|       12| 0|        2|      18471|          2|    54,10|     81,44|   27,34
     214|SUCCESS| 2|   1|       12| 1|        2|      48752|          2|    18,10|     81,44|   63,34
     426|SUCCESS| 2|   1|       12| 1|        2|      19367|          2|    53,35|     81,44|   28,09
     410|SUCCESS| 2|   2|       12| 2|        2|      20776|          2|    49,35|     81,55|   32,20
     432|SUCCESS| 2|   0|       12| 0|        2|      18354|          2|    54,85|     81,88|   27,03
     160|SUCCESS| 2|   2|       12| 2|        2|      49212|          2|    13,35|     82,21|   68,86
     415|SUCCESS| 2|   2|       12| 2|        2|      20673|          2|    50,60|     82,43|   31,83
     250|SUCCESS| 2|   1|       12| 1|        2|      44664|          2|    22,60|     82,65|   60,05
     193|SUCCESS| 2|   2|       12| 2|        2|      46140|          2|    16,10|     82,65|   66,55
     226|SUCCESS| 2|   1|       12| 1|        2|      48064|          2|    19,60|     82,76|   63,16
     437|SUCCESS| 2|   3|       12| 3|        2|      19232|          2|    56,10|     82,76|   26,66
     425|SUCCESS| 2|   0|       12| 0|        2|      20228|          2|    53,10|     82,87|   29,77
     314|SUCCESS| 2|   2|       12| 2|        2|      33838|          2|    30,60|     83,20|   52,60
     286|SUCCESS| 2|   1|       12| 1|        2|      40651|          2|    27,10|     83,31|   56,21
     151|SUCCESS| 2|   0|       12| 0|        2|      53993|          2|    12,60|     83,53|   70,93
     208|SUCCESS| 2|   0|       12| 0|        2|      48052|          2|    17,35|     83,53|   66,18
     434|SUCCESS| 2|   1|       12| 1|        2|      19728|          2|    55,35|     83,53|   28,18
     419|SUCCESS| 2|   2|       12| 2|        2|      21045|          2|    51,60|     83,75|   32,15
     205|SUCCESS| 2|   0|       12| 0|        2|      48754|          2|    17,10|     84,08|   66,98
     430|SUCCESS| 2|   1|       12| 1|        2|      20947|          2|    54,35|     84,19|   29,84
     148|SUCCESS| 2|   2|       12| 2|        2|      52147|          2|    12,35|     84,19|   71,84
     423|SUCCESS| 2|   2|       12| 2|        2|      20838|          2|    52,60|     84,30|   31,70
     427|SUCCESS| 2|   2|       12| 2|        2|      20354|          2|    53,60|     84,52|   30,92
     433|SUCCESS| 2|   2|       12| 2|        2|      19461|          2|    55,10|     84,52|   29,42
     431|SUCCESS| 2|   3|       12| 3|        2|      21661|          2|    54,60|     84,52|   29,92
     438|SUCCESS| 2|   1|       12| 1|        2|      20234|          2|    56,35|     84,96|   28,61
     196|SUCCESS| 2|   2|       12| 2|        2|      47707|          2|    16,35|     85,18|   68,83
     442|SUCCESS| 2|   1|       12| 1|        2|      19890|          2|    57,35|     85,29|   27,94
     441|SUCCESS| 2|   3|       12| 3|        2|      20415|          2|    57,10|     85,29|   28,19
     184|SUCCESS| 2|   0|       12| 0|        2|      51783|          2|    15,35|     85,40|   70,05
     202|SUCCESS| 2|   1|       12| 1|        2|      53384|          2|    16,85|     85,40|   68,55
     439|SUCCESS| 2|   0|       12| 0|        2|      20025|          2|    56,60|     85,51|   28,91
     443|SUCCESS| 2|   0|       12| 0|        2|      19378|          2|    57,60|     85,51|   27,91
     254|SUCCESS| 2|   0|       12| 0|        2|      44038|          2|    23,10|     85,73|   62,63
     435|SUCCESS| 2|   0|       12| 0|        2|      20800|          2|    55,60|     85,73|   30,13
     451|SUCCESS| 2|   0|       12| 0|        2|      18251|          2|    59,60|     85,73|   26,13
     436|SUCCESS| 2|   2|       12| 2|        2|      20288|          2|    55,85|     86,17|   30,32
     440|SUCCESS| 2|   2|       12| 2|        2|      19641|          2|    56,85|     86,17|   29,32
     445|SUCCESS| 2|   3|       12| 3|        2|      20369|          2|    58,10|     86,17|   28,07
     446|SUCCESS| 2|   1|       12| 1|        2|      20157|          2|    58,35|     86,39|   28,04
     450|SUCCESS| 2|   1|       12| 1|        2|      19513|          2|    59,35|     86,39|   27,04
     163|SUCCESS| 2|   2|       12| 2|        2|      52062|          2|    13,60|     86,39|   72,79
     258|SUCCESS| 2|   3|       12| 3|        2|      45692|          2|    23,60|     86,39|   62,79
     447|SUCCESS| 2|   0|       12| 0|        2|      19613|          2|    58,60|     86,50|   27,90
     454|SUCCESS| 2|   1|       12| 1|        2|      19063|          2|    60,35|     86,61|   26,26
     157|SUCCESS| 2|   3|       12| 3|        2|      57934|          2|    13,10|     86,94|   73,84
     145|SUCCESS| 2|   2|       12| 2|        2|      54724|          2|    12,10|     87,05|   74,95
     449|SUCCESS| 2|   3|       12| 3|        2|      20465|          2|    59,10|     87,16|   28,06
     458|SUCCESS| 2|   1|       12| 1|        2|      19523|          2|    61,35|     87,93|   26,58
     448|SUCCESS| 2|   2|       12| 2|        2|      19867|          2|    58,85|     87,93|   29,08
     444|SUCCESS| 2|   2|       12| 2|        2|      20547|          2|    57,85|     88,04|   30,19
     457|SUCCESS| 2|   3|       12| 3|        2|      19894|          2|    61,10|     88,26|   27,16
     210|SUCCESS| 2|   3|       12| 3|        2|      53426|          2|    17,60|     88,37|   70,77
     469|SUCCESS| 2|   3|       12| 3|        2|      18030|          2|    64,10|     88,59|   24,49
     453|SUCCESS| 2|   3|       12| 3|        2|      21064|          2|    60,10|     88,70|   28,60
     139|SUCCESS| 2|   2|       12| 2|        2|      56991|          2|    11,60|     88,81|   77,21
     460|SUCCESS| 2|   2|       12| 2|        2|      18866|          2|    61,85|     88,92|   27,07
     142|SUCCESS| 2|   0|       12| 0|        2|      59730|          2|    11,85|     89,03|   77,18
     461|SUCCESS| 2|   3|       12| 3|        2|      19901|          2|    62,10|     89,03|   26,93
     459|SUCCESS| 2|   0|       12| 0|        2|      20080|          2|    61,60|     89,25|   27,65
     172|SUCCESS| 2|   2|       12| 2|        2|      53469|          2|    14,35|     89,25|   74,90
     452|SUCCESS| 2|   2|       12| 2|        2|      20417|          2|    59,85|     89,25|   29,40
      23|SUCCESS| 2|   3|       12| 3|        2|      96985|          2|     1,85|     89,25|   87,40
     455|SUCCESS| 2|   0|       12| 0|        2|      20787|          2|    60,60|     89,36|   28,76
      56|SUCCESS| 2|   2|       12| 2|        2|      75103|          2|     4,60|     89,36|   84,76
     472|SUCCESS| 2|   3|       12| 3|        2|      18186|          2|    64,85|     89,36|   24,51
     166|SUCCESS| 2|   2|       12| 2|        2|      54334|          2|    13,85|     89,47|   75,62
     456|SUCCESS| 2|   2|       12| 2|        2|      20404|          2|    60,85|     89,92|   29,07
     296|SUCCESS| 2|   0|       12| 0|        2|      43284|          2|    28,35|     90,03|   61,68
     240|SUCCESS| 2|   2|       12| 2|        2|      47110|          2|    21,35|     90,14|   68,79
     465|SUCCESS| 2|   3|       12| 3|        2|      20321|          2|    63,10|     90,25|   27,15
     462|SUCCESS| 2|   1|       12| 1|        2|      21009|          2|    62,35|     90,36|   28,01
     216|SUCCESS| 2|   3|       12| 3|        2|      54328|          2|    18,35|     90,36|   72,01
     463|SUCCESS| 2|   0|       12| 0|        2|      20602|          2|    62,60|     90,47|   27,87
     244|SUCCESS| 2|   1|       12| 1|        2|      52224|          2|    21,85|     90,58|   68,73
     266|SUCCESS| 2|   1|       12| 1|        2|      49441|          2|    24,60|     90,69|   66,09
     467|SUCCESS| 2|   0|       12| 0|        2|      20283|          2|    63,60|     90,80|   27,20
     476|SUCCESS| 2|   3|       12| 3|        2|      18849|          2|    65,85|     90,80|   24,95
     471|SUCCESS| 2|   0|       12| 0|        2|      19752|          2|    64,60|     90,91|   26,31
     470|SUCCESS| 2|   1|       12| 1|        2|      20129|          2|    64,35|     90,91|   26,56
     473|SUCCESS| 2|   2|       12| 2|        2|      18887|          2|    65,10|     91,02|   25,92
     466|SUCCESS| 2|   1|       12| 1|        2|      21249|          2|    63,35|     91,35|   28,00
     242|SUCCESS| 2|   0|       12| 0|        2|      50721|          2|    21,60|     91,57|   69,97
     478|SUCCESS| 2|   1|       12| 1|        2|      19393|          2|    66,35|     91,57|   25,22
     468|SUCCESS| 2|   2|       12| 2|        2|      20580|          2|    63,85|     91,90|   28,05
     252|SUCCESS| 2|   3|       12| 3|        2|      51447|          2|    22,85|     92,01|   69,16
     464|SUCCESS| 2|   2|       12| 2|        2|      21374|          2|    62,85|     92,12|   29,27
     220|SUCCESS| 2|   1|       12| 1|        2|      57225|          2|    18,85|     92,34|   73,49
     302|SUCCESS| 2|   2|       12| 2|        2|      42949|          2|    29,10|     92,45|   63,35
     312|SUCCESS| 2|   3|       12| 3|        2|      45760|          2|    30,35|     92,45|   62,10
     282|SUCCESS| 2|   0|       12| 0|        2|      47193|          2|    26,60|     92,56|   65,96
     487|SUCCESS| 2|   3|       12| 3|        2|      18679|          2|    68,60|     92,56|   23,96
     483|SUCCESS| 2|   3|       12| 3|        2|      19543|          2|    67,60|     92,67|   25,07
     479|SUCCESS| 2|   3|       12| 3|        2|      20317|          2|    66,60|     92,78|   26,18
     298|SUCCESS| 2|   1|       12| 1|        2|      47762|          2|    28,60|     92,89|   64,29
     482|SUCCESS| 2|   1|       12| 1|        2|      20075|          2|    67,35|     92,89|   25,54
     491|SUCCESS| 2|   1|       12| 1|        2|      18507|          2|    69,60|     92,89|   23,29
     218|SUCCESS| 2|   2|       12| 2|        2|      52527|          2|    18,60|     92,89|   74,29
     484|SUCCESS| 2|   0|       12| 0|        2|      19631|          2|    67,85|     93,00|   25,15
     475|SUCCESS| 2|   0|       12| 0|        2|      21404|          2|    65,60|     93,22|   27,62
     322|SUCCESS| 2|   1|       12| 1|        2|      45379|          2|    31,60|     93,22|   61,62
     480|SUCCESS| 2|   0|       12| 0|        2|      20719|          2|    66,85|     93,33|   26,48
     499|SUCCESS| 2|   1|       12| 1|        2|      17595|          2|    71,60|     93,33|   21,73
     308|SUCCESS| 2|   0|       12| 0|        2|      45445|          2|    29,85|     93,44|   63,59
     488|SUCCESS| 2|   0|       12| 0|        2|      19436|          2|    68,85|     93,44|   24,59
     474|SUCCESS| 2|   1|       12| 1|        2|      22029|          2|    65,35|     93,44|   28,09
     230|SUCCESS| 2|   0|       12| 0|        2|      54284|          2|    20,10|     93,55|   73,45
     481|SUCCESS| 2|   2|       12| 2|        2|      20402|          2|    67,10|     93,66|   26,56
     310|SUCCESS| 2|   1|       12| 1|        2|      47372|          2|    30,10|     93,77|   63,67
     248|SUCCESS| 2|   0|       12| 0|        2|      52477|          2|    22,35|     93,88|   71,53
     492|SUCCESS| 2|   0|       12| 0|        2|      19286|          2|    69,85|     93,88|   24,03
     497|SUCCESS| 2|   2|       12| 2|        2|      18072|          2|    71,10|     93,99|   22,89
     486|SUCCESS| 2|   1|       12| 1|        2|      20711|          2|    68,35|     94,10|   25,75
     352|SUCCESS| 2|   2|       12| 2|        2|      40442|          2|    35,35|     94,10|   58,75
     290|SUCCESS| 2|   0|       12| 0|        2|      48197|          2|    27,60|     94,21|   66,61
     284|SUCCESS| 2|   2|       12| 2|        2|      46707|          2|    26,85|     94,21|   67,36
     477|SUCCESS| 2|   2|       12| 2|        2|      21651|          2|    66,10|     94,21|   28,11
     288|SUCCESS| 2|   3|       12| 3|        2|      50173|          2|    27,35|     94,43|   67,08
     490|SUCCESS| 2|   3|       12| 3|        2|      20217|          2|    69,35|     94,43|   25,08
     498|SUCCESS| 2|   3|       12| 3|        2|      19051|          2|    71,35|     94,54|   23,19
     485|SUCCESS| 2|   2|       12| 2|        2|      20839|          2|    68,10|     94,65|   26,55
     336|SUCCESS| 2|   0|       12| 0|        2|      44509|          2|    33,35|     94,76|   61,41
     489|SUCCESS| 2|   2|       12| 2|        2|      20454|          2|    69,10|     94,87|   25,77
     348|SUCCESS| 2|   0|       12| 0|        2|      43664|          2|    34,85|     94,98|   60,13
     264|SUCCESS| 2|   3|       12| 3|        2|      53383|          2|    24,35|     94,98|   70,63
     496|SUCCESS| 2|   0|       12| 0|        2|      20395|          2|    70,85|     95,31|   24,46
     500|SUCCESS| 2|   0|       12| 0|        2|      19676|          2|    71,85|     95,31|   23,46
     300|SUCCESS| 2|   3|       12| 3|        2|      50044|          2|    28,85|     95,31|   66,46
     344|SUCCESS| 2|   3|       12| 3|        2|      45971|          2|    34,35|     95,31|   60,96
     495|SUCCESS| 2|   3|       12| 3|        2|      20443|          2|    70,60|     95,31|   24,71
     318|SUCCESS| 2|   0|       12| 0|        2|      47069|          2|    31,10|     95,42|   64,32
     502|SUCCESS| 2|   1|       12| 1|        2|      19508|          2|    72,35|     95,42|   23,07
     272|SUCCESS| 2|   1|       12| 1|        2|      53949|          2|    25,35|     95,53|   70,18
     508|SUCCESS| 2|   0|       12| 0|        2|      18762|          2|    73,85|     95,64|   21,79
     278|SUCCESS| 2|   3|       12| 3|        2|      52641|          2|    26,10|     95,64|   69,54
     493|SUCCESS| 2|   2|       12| 2|        2|      20992|          2|    70,10|     95,75|   25,65
     246|SUCCESS| 2|   3|       12| 3|        2|      56340|          2|    22,10|     95,75|   73,65
     356|SUCCESS| 2|   3|       12| 3|        2|      45553|          2|    35,85|     95,75|   59,90
     316|SUCCESS| 2|   1|       12| 1|        2|      49205|          2|    30,85|     95,86|   65,01
     494|SUCCESS| 2|   1|       12| 1|        2|      21493|          2|    70,35|     95,86|   25,51
     238|SUCCESS| 2|   1|       12| 1|        2|      58984|          2|    21,10|     95,97|   74,87
     280|SUCCESS| 2|   1|       12| 1|        2|      53524|          2|    26,35|     95,97|   69,62
     274|SUCCESS| 2|   2|       12| 2|        2|      49935|          2|    25,60|     95,97|   70,37
     511|SUCCESS| 2|   3|       12| 3|        2|      18543|          2|    74,60|     95,97|   21,37
     232|SUCCESS| 2|   1|       12| 1|        2|      59922|          2|    20,35|     96,08|   75,73
     292|SUCCESS| 2|   2|       12| 2|        2|      48256|          2|    27,85|     96,08|   68,23
     503|SUCCESS| 2|   3|       12| 3|        2|      20021|          2|    72,60|     96,08|   23,48
     506|SUCCESS| 2|   1|       12| 1|        2|      19803|          2|    73,35|     96,19|   22,84
     228|SUCCESS| 2|   2|       12| 2|        2|      55396|          2|    19,85|     96,19|   76,34
     501|SUCCESS| 2|   2|       12| 2|        2|      20112|          2|    72,10|     96,19|   24,09
     507|SUCCESS| 2|   3|       12| 3|        2|      19870|          2|    73,60|     96,41|   22,81
     270|SUCCESS| 2|   0|       12| 0|        2|      53645|          2|    25,10|     96,52|   71,42
     516|SUCCESS| 2|   0|       12| 0|        2|      18691|          2|    75,85|     96,52|   20,67
     505|SUCCESS| 2|   2|       12| 2|        2|      20040|          2|    73,10|     96,52|   23,42
     224|SUCCESS| 2|   0|       12| 0|        2|      59448|          2|    19,35|     96,85|   77,50
     260|SUCCESS| 2|   1|       12| 1|        2|      57593|          2|    23,85|     96,96|   73,11
     510|SUCCESS| 2|   1|       12| 1|        2|      20231|          2|    74,35|     96,96|   22,61
     262|SUCCESS| 2|   2|       12| 2|        2|      52663|          2|    24,10|     96,96|   72,86
     509|SUCCESS| 2|   2|       12| 2|        2|      20010|          2|    74,10|     96,96|   22,86
     320|SUCCESS| 2|   3|       12| 3|        2|      50588|          2|    31,35|     96,96|   65,61
     530|SUCCESS| 2|   1|       12| 1|        2|      16741|          2|    79,35|     97,07|   17,72
     306|SUCCESS| 2|   3|       12| 3|        2|      52051|          2|    29,60|     97,07|   67,47
     350|SUCCESS| 2|   3|       12| 3|        2|      48110|          2|    35,10|     97,07|   61,97
     518|SUCCESS| 2|   3|       12| 3|        2|      19004|          2|    76,35|     97,07|   20,72
     504|SUCCESS| 2|   0|       12| 0|        2|      21880|          2|    72,85|     97,18|   24,33
     512|SUCCESS| 2|   0|       12| 0|        2|      20384|          2|    74,85|     97,18|   22,33
     236|SUCCESS| 2|   0|       12| 0|        2|      58868|          2|    20,85|     97,29|   76,44
     513|SUCCESS| 2|   2|       12| 2|        2|      19833|          2|    75,10|     97,29|   22,19
     515|SUCCESS| 2|   3|       12| 3|        2|      19818|          2|    75,60|     97,29|   21,69
     523|SUCCESS| 2|   1|       12| 1|        2|      18706|          2|    77,60|     97,40|   19,80
     268|SUCCESS| 2|   2|       12| 2|        2|      52790|          2|    24,85|     97,40|   72,55
     520|SUCCESS| 2|   0|       12| 0|        2|      19519|          2|    76,85|     97,51|   20,66
     514|SUCCESS| 2|   1|       12| 1|        2|      20614|          2|    75,35|     97,62|   22,27
     517|SUCCESS| 2|   2|       12| 2|        2|      19900|          2|    76,10|     97,73|   21,63
     524|SUCCESS| 2|   0|       12| 0|        2|      19433|          2|    77,85|     97,84|   19,99
     294|SUCCESS| 2|   3|       12| 3|        2|      54643|          2|    28,10|     97,84|   69,74
     334|SUCCESS| 2|   2|       12| 2|        2|      47651|          2|    33,10|     97,95|   64,85
     276|SUCCESS| 2|   0|       12| 0|        2|      55777|          2|    25,85|     98,06|   72,21
     340|SUCCESS| 2|   1|       12| 1|        2|      50266|          2|    33,85|     98,06|   64,21
     234|SUCCESS| 2|   2|       12| 2|        2|      57767|          2|    20,60|     98,06|   77,46
     346|SUCCESS| 2|   1|       12| 1|        2|      49890|          2|    34,60|     98,17|   63,57
     519|SUCCESS| 2|   1|       12| 1|        2|      20701|          2|    76,60|     98,17|   21,57
     256|SUCCESS| 2|   2|       12| 2|        2|      55422|          2|    23,35|     98,17|   74,82
     526|SUCCESS| 2|   1|       12| 1|        2|      19684|          2|    78,35|     98,28|   19,93
     354|SUCCESS| 2|   1|       12| 1|        2|      49387|          2|    35,60|     98,39|   62,79
     521|SUCCESS| 2|   2|       12| 2|        2|      20638|          2|    77,10|     98,39|   21,29
     525|SUCCESS| 2|   2|       12| 2|        2|      19885|          2|    78,10|     98,39|   20,29
     326|SUCCESS| 2|   3|       12| 3|        2|      52695|          2|    32,10|     98,39|   66,29
     528|SUCCESS| 2|   0|       12| 0|        2|      20302|          2|    78,85|     98,61|   19,76
      68|SUCCESS| 2|   3|       12| 3|        2|      86971|          2|     5,60|     98,72|   93,12
     522|SUCCESS| 2|   3|       12| 3|        2|      21351|          2|    77,35|     98,72|   21,37
     535|SUCCESS| 2|   3|       12| 3|        2|      18831|          2|    80,60|     98,72|   18,12
      26|SUCCESS| 2|   0|       12| 0|        2|     102957|          2|     2,10|     98,83|   96,73
     304|SUCCESS| 2|   1|       12| 1|        2|      55553|          2|    29,35|     98,83|   69,48
     529|SUCCESS| 2|   2|       12| 2|        2|      20296|          2|    79,10|     98,94|   19,84
     531|SUCCESS| 2|   3|       12| 3|        2|      20032|          2|    79,60|     98,94|   19,34
     538|SUCCESS| 2|   1|       12| 1|        2|      19106|          2|    81,35|     99,05|   17,70
     534|SUCCESS| 2|   1|       12| 1|        2|      20042|          2|    80,35|     99,16|   18,81
      32|SUCCESS| 2|   2|       12| 2|        2|      98103|          2|     2,60|     99,16|   96,56
     527|SUCCESS| 2|   3|       12| 3|        2|      21728|          2|    78,60|     99,27|   20,67
     539|SUCCESS| 2|   3|       12| 3|        2|      19317|          2|    81,60|     99,27|   17,67
     536|SUCCESS| 2|   0|       12| 0|        2|      20664|          2|    80,85|     99,38|   18,53
     537|SUCCESS| 2|   2|       12| 2|        2|      20134|          2|    81,10|     99,38|   18,28
      44|SUCCESS| 2|   3|       12| 3|        2|      96974|          2|     3,60|     99,38|   95,78
     330|SUCCESS| 2|   0|       12| 0|        2|      53484|          2|    32,60|     99,49|   66,89
     532|SUCCESS| 2|   0|       12| 0|        2|      21718|          2|    79,85|     99,49|   19,64
     143|SUCCESS| 2|   1|       12| 1|        2|      77513|          2|    11,85|     99,49|   87,64
     548|SUCCESS| 2|   0|       12| 0|        2|      18781|          2|    83,85|     99,60|   15,75
     543|SUCCESS| 2|   3|       12| 3|        2|      19534|          2|    82,60|     99,60|   17,00
     540|SUCCESS| 2|   0|       12| 0|        2|      20840|          2|    81,85|     99,71|   17,86
     544|SUCCESS| 2|   0|       12| 0|        2|      20412|          2|    82,85|     99,82|   16,97
     550|SUCCESS| 2|   1|       12| 1|        2|      18726|          2|    84,35|     99,82|   15,47
     533|SUCCESS| 2|   2|       12| 2|        2|      21839|          2|    80,10|     99,82|   19,72
     547|SUCCESS| 2|   3|       12| 3|        2|      19335|          2|    83,60|     99,82|   16,22
     542|SUCCESS| 2|   1|       12| 1|        2|      20377|          2|    82,35|     99,93|   17,58
     541|SUCCESS| 2|   2|       12| 2|        2|      20707|          2|    82,10|     99,93|   17,83
     545|SUCCESS| 2|   2|       12| 2|        2|      19982|          2|    83,10|     99,93|   16,83
      35|SUCCESS| 2|   3|       12| 3|        2|     103049|          2|     2,85|     99,93|   97,08
     328|SUCCESS| 2|   2|       12| 2|        2|      53100|          2|    32,35|    100,04|   67,69
     338|SUCCESS| 2|   3|       12| 3|        2|      55540|          2|    33,60|    100,04|   66,44
     552|SUCCESS| 2|   0|       12| 0|        2|      19618|          2|    84,85|    100,15|   15,30
     549|SUCCESS| 2|   2|       12| 2|        2|      19854|          2|    84,10|    100,15|   16,05
     553|SUCCESS| 2|   2|       12| 2|        2|      19147|          2|    85,10|    100,15|   15,05
     324|SUCCESS| 2|   0|       12| 0|        2|      56485|          2|    31,85|    100,37|   68,52
     546|SUCCESS| 2|   1|       12| 1|        2|      21145|          2|    83,35|    100,37|   17,02
     332|SUCCESS| 2|   3|       12| 3|        2|      57878|          2|    32,85|    100,48|   67,63
      38|SUCCESS| 2|   1|       12| 1|        2|     109249|          2|     3,10|    100,70|   97,60
      59|SUCCESS| 2|   1|       12| 1|        2|     100307|          2|     4,85|    100,70|   95,85
     554|SUCCESS| 2|   1|       12| 1|        2|      20242|          2|    85,35|    100,70|   15,35
      80|SUCCESS| 2|   1|       12| 1|        2|      93772|          2|     6,60|    100,81|   94,21
      47|SUCCESS| 2|   2|       12| 2|        2|      96925|          2|     3,85|    100,92|   97,07
     342|SUCCESS| 2|   2|       12| 2|        2|      54996|          2|    34,10|    100,92|   66,82
     551|SUCCESS| 2|   3|       12| 3|        2|      22382|          2|    84,60|    100,92|   16,32
      41|SUCCESS| 2|   0|       12| 0|        2|     102483|          2|     3,35|    101,39|   98,04
      53|SUCCESS| 2|   0|       12| 0|        2|     100600|          2|     4,35|    101,99|   97,64
      50|SUCCESS| 2|   1|       12| 1|        2|     111923|          2|     4,10|    102,65|   98,55
      74|SUCCESS| 2|   3|       12| 3|        2|     101028|          2|     6,10|    102,98|   96,88
     110|SUCCESS| 2|   1|       12| 1|        2|      96554|          2|     9,10|    103,09|   93,99
      98|SUCCESS| 2|   1|       12| 1|        2|     100189|          2|     8,10|    103,42|   95,32
     137|SUCCESS| 2|   0|       12| 0|        2|      90793|          2|    11,35|    103,75|   92,40
      62|SUCCESS| 2|   0|       12| 0|        2|     105401|          2|     5,10|    103,86|   98,76
      71|SUCCESS| 2|   1|       12| 1|        2|     110324|          2|     5,85|    103,86|   98,01
      89|SUCCESS| 2|   3|       12| 3|        2|     101897|          2|     7,35|    103,97|   96,62
     104|SUCCESS| 2|   3|       12| 3|        2|     100686|          2|     8,60|    104,30|   95,70
     140|SUCCESS| 2|   3|       12| 3|        2|      95547|          2|    11,60|    104,30|   92,70
     113|SUCCESS| 2|   0|       12| 0|        2|      97502|          2|     9,35|    104,41|   95,06
     170|SUCCESS| 2|   0|       12| 0|        2|      89936|          2|    14,10|    104,41|   90,31
      65|SUCCESS| 2|   2|       12| 2|        2|     107251|          2|     5,35|    104,52|   99,17
     206|SUCCESS| 2|   1|       12| 1|        2|      93105|          2|    17,10|    104,74|   87,64
     197|SUCCESS| 2|   0|       12| 0|        2|      89513|          2|    16,35|    104,85|   88,50
      77|SUCCESS| 2|   2|       12| 2|        2|     106007|          2|     6,35|    104,85|   98,50
     185|SUCCESS| 2|   2|       12| 2|        2|      89552|          2|    15,35|    104,96|   89,61
     128|SUCCESS| 2|   3|       12| 3|        2|     100900|          2|    10,60|    104,96|   94,36
     131|SUCCESS| 2|   2|       12| 2|        2|      96740|          2|    10,85|    105,07|   94,22
     152|SUCCESS| 2|   2|       12| 2|        2|      94091|          2|    12,60|    105,07|   92,47
     101|SUCCESS| 2|   0|       12| 0|        2|     106345|          2|     8,35|    105,44|   97,09
     134|SUCCESS| 2|   1|       12| 1|        2|     106822|          2|    11,10|    105,44|   94,34
     155|SUCCESS| 2|   0|       12| 0|        2|      99426|          2|    12,85|    105,55|   92,70
     167|SUCCESS| 2|   1|       12| 1|        2|     103326|          2|    13,85|    105,55|   91,70
     164|SUCCESS| 2|   0|       12| 0|        2|      99645|          2|    13,60|    105,66|   92,06
     122|SUCCESS| 2|   1|       12| 1|        2|     110835|          2|    10,10|    105,66|   95,56
     116|SUCCESS| 2|   2|       12| 2|        2|     103772|          2|     9,60|    105,66|   96,06
     146|SUCCESS| 2|   3|       12| 3|        2|     103919|          2|    12,10|    105,66|   93,56
     158|SUCCESS| 2|   1|       12| 1|        2|     106697|          2|    13,10|    105,77|   92,67
     179|SUCCESS| 2|   1|       12| 1|        2|     104204|          2|    14,85|    105,77|   90,92
      86|SUCCESS| 2|   2|       12| 2|        2|     111274|          2|     7,10|    105,88|   98,78
     182|SUCCESS| 2|   3|       12| 3|        2|     101343|          2|    15,10|    105,88|   90,78
      83|SUCCESS| 2|   0|       12| 0|        2|     115281|          2|     6,85|    105,99|   99,14
     125|SUCCESS| 2|   0|       12| 0|        2|     107797|          2|    10,35|    105,99|   95,64
      95|SUCCESS| 2|   2|       12| 2|        2|     110866|          2|     7,85|    105,99|   98,14
     203|SUCCESS| 2|   3|       12| 3|        2|      99821|          2|    16,85|    105,99|   89,14
     200|SUCCESS| 2|   2|       12| 2|        2|      98213|          2|    16,60|    106,10|   89,50
     188|SUCCESS| 2|   0|       12| 0|        2|     105651|          2|    15,60|    106,21|   90,61
     149|SUCCESS| 2|   1|       12| 1|        2|     119390|          2|    12,35|    106,21|   93,86
     107|SUCCESS| 2|   2|       12| 2|        2|     113411|          2|     8,85|    106,21|   97,36
     161|SUCCESS| 2|   3|       12| 3|        2|     107645|          2|    13,35|    106,21|   92,86
     173|SUCCESS| 2|   3|       12| 3|        2|     106200|          2|    14,35|    106,21|   91,86
      92|SUCCESS| 2|   0|       12| 0|        2|     120758|          2|     7,60|    106,32|   98,72
     191|SUCCESS| 2|   1|       12| 1|        2|     119028|          2|    15,85|    106,32|   90,47
     176|SUCCESS| 2|   2|       12| 2|        2|     109407|          2|    14,60|    106,32|   91,72
     119|SUCCESS| 2|   3|       12| 3|        2|     113630|          2|     9,85|    106,32|   96,47
     194|SUCCESS| 2|   3|       12| 3|        2|     106430|          2|    16,10|    106,32|   90,22
-----------------------------------------------------------------------------------------------------
Simulation finished in: 106,43 seconds.
Total tasks executed: 555
Average MI: 37824,90
Average execution latency: 41,64
MI 90th percentile: 93899,60
Average tail execution latency: 93,55
Maximum task execution time violations: 187